0 -3.0635146686109e-006 -1.0503262046768e-006
-3.672346338135e-008 -2.8806662157876e-006 -1.0512662811379e-006
0.033712692558765 0.035631708800793 -0.069595523178577
0.082977309823036 0.081134311854839 -0.16013187170029
0.14187021553516 0.12630970776081 -0.25344526767731
0.20868229866028 0.16696235537529 -0.34309977293015
0.2830109000206 0.20083674788475 -0.4267972111702
0.3648864030838 0.22611120343208 -0.50323778390884
0.45546859502792 0.23992620408535 -0.56955873966217
0.55476081371307 0.23947136104107 -0.62315076589584
0.66052865982056 0.22240853309631 -0.6613649725914
0.76876842975616 0.1877920627594 -0.68146085739136
0.87393492460251 0.13685773313046 -0.68103069067001
0.97004395723343 0.073344081640244 -0.65854555368423
1.0520598888397 0.003012765198946 -0.61437755823135
1.1185150146484 -0.070208787918091 -0.54912531375885
1.1764191389084 -0.14472436904907 -0.46957224607468
1.2301880121231 -0.21613042056561 -0.38566765189171
1.2824677228928 -0.28072783350945 -0.30478715896606
1.3340972661972 -0.33335891366005 -0.23586630821228
1.3871855735779 -0.37107273936272 -0.18502435088158
1.44830930233 -0.39803200960159 -0.14772272109985
1.5153473615646 -0.4177373945713 -0.12002489715815
1.5850464105606 -0.43378376960754 -0.097182556986809
1.6554015874863 -0.44899705052376 -0.075265124440193
1.7250610589981 -0.46522977948189 -0.051629215478897
1.7895721197128 -0.47760474681854 -0.033498864620924
1.8476287126541 -0.47951155900955 -0.0307825691998
1.8986663818359 -0.46771219372749 -0.048149731010199
1.9448547363281 -0.44015955924988 -0.088160879909992
1.9879120588303 -0.39515054225922 -0.15192669630051
2.0278565883636 -0.33466014266014 -0.23469594120979
2.0652770996094 -0.26297324895859 -0.32848215103149
2.1077516078949 -0.18824733793736 -0.42100214958191
2.1624023914337 -0.11762953549623 -0.50340884923935
2.2325956821442 -0.057751152664423 -0.56941217184067
2.3174531459808 -0.015820289030671 -0.61359256505966
2.4117097854614 0.0021724607795477 -0.63218086957932
2.5072417259216 -0.0064922086894512 -0.62360572814941
2.5985045433044 -0.038719516247511 -0.59027147293091
2.6842041015625 -0.074678644537926 -0.551886677742
2.7639954090118 -0.10183327645063 -0.52225738763809
2.8391602039337 -0.11488229036331 -0.50790470838547
2.9139251708984 -0.11213823407888 -0.51120942831039
2.9923615455627 -0.093107052147388 -0.53241920471191
3.0811767578125 -0.062018308788538 -0.56608909368515
3.1842620372772 -0.032739490270615 -0.59692388772964
3.2916960716248 -0.012396671809256 -0.61788654327393
3.401846408844 -0.0049568605609238 -0.6254825592041
3.5060119628906 -0.010557066649199 -0.61981242895126
3.5950469970703 -0.012506932020187 -0.61783176660538
3.6797211170197 -0.0019322496373206 -0.62853425741196
3.7672302722931 0.024682443588972 -0.65472424030304
3.8607575893402 0.066351726651192 -0.69405508041382
3.9622130393982 0.10781914740801 -0.73150610923767
4.0661835670471 0.12828995287418 -0.74945682287216
4.1600313186646 0.12047688663006 -0.7426638007164
4.236093044281 0.085405498743057 -0.71109962463379
4.2933168411255 0.028956446796656 -0.65745294094086
4.3423309326172 -0.019227927550673 -0.60958313941956
4.3934478759766 -0.052522528916597 -0.57541859149933
4.4563140869141 -0.071498222649097 -0.55555772781372
4.5356292724609 -0.076368488371372 -0.55057412385941
4.6271181106567 -0.072587259113789 -0.55478852987289
4.7213287353516 -0.077732771635056 -0.54919481277466
4.8099946975708 -0.10037738829851 -0.52417063713074
4.8865723609924 -0.14135114848614 -0.47735092043877
4.9474058151245 -0.19782210886478 -0.40989208221436
4.9931335449219 -0.26452887058258 -0.32613399624825
5.0301604270935 -0.31871625781059 -0.25547695159912
5.0583829879761 -0.34902906417847 -0.21523010730743
5.0816164016724 -0.36197400093079 -0.19794493913651
5.1068787574768 -0.36067020893097 -0.19991914927959
5.1428956985474 -0.3371367752552 -0.23191340267658
5.1891202926636 -0.28916770219803 -0.29524281620979
5.2453489303589 -0.23272770643234 -0.36706274747849
5.3130464553833 -0.18116496503353 -0.43020644783974
5.3907928466797 -0.14351254701614 -0.47482025623322
5.4728026390076 -0.1267132461071 -0.49448594450951
5.5608034133911 -0.1328449100256 -0.48756456375122
