0 -3.0635146686109e-006 -1.0503262046768e-006
-3.672346338135e-008 -2.8806662157876e-006 -1.0512662811379e-006
0.10101024806499 0.088945731520653 -0.17927478253841
0.2695769071579 0.17887495458126 -0.38975188136101
0.49891349673271 0.15076686441898 -0.64149904251099
0.86491400003433 0.12774866819382 -0.66814601421356
1.0392060279846 -0.0065902546048164 -0.58970135450363
1.1941223144531 -0.18090124428272 -0.41097640991211
1.3414703607559 -0.3170939385891 -0.24741207063198
1.5151245594025 -0.39524284005165 -0.14681711792946
1.6975555419922 -0.4496742784977 -0.072094939649105
1.8534148931503 -0.45200878381729 -0.070363782346249
1.9800658226013 -0.35694578289986 -0.20318028330803
2.1039640903473 -0.1914486438036 -0.411241710186
2.2985017299652 -0.061151817440987 -0.56058031320572
2.5300781726837 -0.062229637056589 -0.56395626068115
2.7498075962067 -0.10057662427425 -0.52304774522781
2.969137430191 -0.074011951684952 -0.55294841527939
3.2298185825348 -0.025787083432078 -0.60368990898132
3.4907104969025 -0.017282927408814 -0.61284840106964
3.7415039539337 0.04324109852314 -0.6718447804451
4.0064148902893 0.1002237200737 -0.72418224811554
4.217520236969 0.027637371793389 -0.65549373626709
4.3911924362183 -0.042373407632113 -0.58481216430664
4.616455078125 -0.062865227460861 -0.56456357240677
4.8322968482971 -0.14265909790993 -0.4744029045105
4.9757871627808 -0.27648887038231 -0.30700039863586
5.0664305686951 -0.33174178004265 -0.23723980784416
5.1834106445313 -0.26507315039635 -0.32569307088852
5.3605074882507 -0.17133694887161 -0.44051828980446
