0 -3.0635146686109e-006 -1.0503262046768e-006
-3.672346338135e-008 -2.8806662157876e-006 -1.0512662811379e-006
0.062045287340879 0.064482629299164 -0.12580914795399
0.12070919573307 0.11146900802851 -0.22196635603905
0.20213609933853 0.16181428730488 -0.33269914984703
0.3000091612339 0.20424577593803 -0.44036534428596
0.41313487291336 0.23143963515759 -0.53615725040436
0.54212957620621 0.23585511744022 -0.61218583583832
0.68267506361008 0.2116691172123 -0.66157257556915
0.82496631145477 0.15731982886791 -0.6777531504631
0.95571291446686 0.078305833041668 -0.65602493286133
1.0628265142441 -0.013619967736304 -0.59610998630524
1.1479431390762 -0.11170172691345 -0.50164622068405
1.2227386236191 -0.20715899765491 -0.39353200793266
1.2937439680099 -0.29080584645271 -0.289666056633
1.3631378412247 -0.35124915838242 -0.2105950564146
1.4438903331757 -0.39172175526619 -0.15573048591614
1.5335967540741 -0.41914469003677 -0.11757152527571
1.6267516613007 -0.44125810265541 -0.086111076176167
1.7194732427597 -0.46335011720657 -0.054159354418516
1.8041076660156 -0.47688153386116 -0.034411367028952
1.8771483898163 -0.47028216719627 -0.044161338359118
1.9407348632813 -0.43746763467789 -0.091691546142101
1.9982634782791 -0.37480947375298 -0.17957518994808
2.0500793457031 -0.28782334923744 -0.29556581377983
2.1073091030121 -0.19095049798489 -0.41646090149879
2.1852385997772 -0.10090539604425 -0.52089214324951
2.2892029285431 -0.034023389220238 -0.59368276596069
2.4117064476013 -0.0055726687423885 -0.62392288446426
2.5362122058868 -0.022910963743925 -0.6066654920578
2.6537201404572 -0.065398409962654 -0.56171643733978
2.7617309093475 -0.099666699767113 -0.52436900138855
2.862920999527 -0.1115742251277 -0.51153022050858
2.9664885997772 -0.096189387142658 -0.52895241975784
3.0887877941132 -0.059097416698933 -0.56907051801682
3.2241759300232 -0.025329871103168 -0.60446172952652
3.3684751987457 -0.0088811796158552 -0.62139624357224
3.50523686409 -0.012677881866693 -0.61759978532791
3.6234862804413 -0.0084419660270214 -0.62196069955826
3.7405426502228 0.019192392006516 -0.64933776855469
3.8661773204803 0.071890957653522 -0.69893777370453
4.0031404495239 0.11567140370607 -0.73826903104782
4.1326112747192 0.11835604906082 -0.74093335866928
4.234646320343 0.074864491820335 -0.70135241746902
4.309308052063 0.0074258926324546 -0.63594120740891
4.3787994384766 -0.041902769356966 -0.58611840009689
4.4648985862732 -0.067924864590168 -0.55928713083267
4.5764617919922 -0.071015723049641 -0.55647003650665
4.6996488571167 -0.076206922531128 -0.55103808641434
4.8160004615784 -0.10757980495691 -0.51617509126663
4.9109525680542 -0.16847924888134 -0.4451764523983
4.9793791770935 -0.25181269645691 -0.34184461832047
5.0304689407349 -0.31860709190369 -0.25538241863251
5.0669889450073 -0.35095191001892 -0.21282859146595
5.1012482643127 -0.35708782076836 -0.20501260459423
5.1510620117188 -0.32495978474617 -0.24856355786324
5.2170958518982 -0.25891479849815 -0.33428984880447
5.3025326728821 -0.19109497964382 -0.41823118925095
5.4052157402039 -0.14427529275417 -0.47411820292473
5.5165710449219 -0.13412924110889 -0.48647820949554
