0 -3.1834813398746e-006 -1.1034749149985e-006
-4.168930445303e-008 -2.914061951742e-006 -9.7664553777577e-007
0.00074770103674382 0.00086102331988513 -0.0016671910416335
0.002102562924847 0.0024115827400237 -0.00468232575804
0.0039552301168442 0.0045115081593394 -0.0087410118430853
0.0062225125730038 0.0070753139443696 -0.01369986589998
0.0088225789368153 0.0099959522485733 -0.019373297691345
0.011675901710987 0.013215722516179 -0.025592537596822
0.014804178848863 0.016682794317603 -0.032278914004564
0.018103154376149 0.02033881098032 -0.039316229522228
0.021566672250628 0.02410470880568 -0.04662200063467
0.025173937901855 0.027998846024275 -0.054172068834305
0.02889402769506 0.031975477933884 -0.061883866786957
0.032727114856243 0.036000914871693 -0.069726929068565
0.03664867579937 0.040081083774567 -0.077676564455032
0.040652424097061 0.044185593724251 -0.085678435862064
0.044717360287905 0.048311870545149 -0.093753226101398
0.048837430775166 0.052434645593166 -0.10185569524765
0.053018100559711 0.056554611772299 -0.10997938364744
0.05725409463048 0.060671553015709 -0.11810021847486
0.061550997197628 0.064782179892063 -0.12621468305588
0.065908864140511 0.068865559995174 -0.13432319462299
0.070324622094631 0.072942830622196 -0.14240449666977
0.074774153530598 0.076989412307739 -0.15044863522053
0.079278439283371 0.08100550621748 -0.15845945477486
0.083819583058357 0.08499114215374 -0.16643998026848
0.088415436446667 0.088943287730217 -0.17438969016075
0.093045003712177 0.092864766716957 -0.18227538466454
0.097732469439507 0.096755884587765 -0.19015809893608
0.10242611169815 0.10061319172382 -0.19798295199871
0.10717465728521 0.10444319993258 -0.20577703416348
0.11198111623526 0.10821210592985 -0.21353773772717
0.11682429164648 0.11197484284639 -0.22124019265175
0.12169800698757 0.11568281054497 -0.22890926897526
0.12662956118584 0.11935418099165 -0.23651733994484
0.13159474730492 0.1229979917407 -0.24409484863281
0.13659065961838 0.12658374011517 -0.25164195895195
0.1416442245245 0.13013611733913 -0.25913080573082
0.14673161506653 0.13365465402603 -0.26655572652817
0.15187685191631 0.13714288175106 -0.27395021915436
0.15705564618111 0.14057619869709 -0.28131395578384
0.16226500272751 0.14397276937962 -0.2886169552803
0.16753233969212 0.14733883738518 -0.29586184024811
0.17286379635334 0.15064695477486 -0.3031005859375
0.17819821834564 0.15389406681061 -0.31028133630753
0.18358772993088 0.15713505446911 -0.31740415096283
0.18903806805611 0.16032107174397 -0.32449352741241
0.19452507793903 0.16344612836838 -0.33155205845833
0.20003955066204 0.1665343940258 -0.33854994177818
0.20561522245407 0.16959546506405 -0.34551703929901
0.21124884486198 0.17259535193443 -0.35242602229118
0.216915756464 0.17556467652321 -0.35927113890648
0.2226165086031 0.17847320437431 -0.36611321568489
0.22837515175343 0.18132036924362 -0.37290033698082
0.2341643422842 0.18413418531418 -0.37962648272514
0.24001479148865 0.18691737949848 -0.38631588220596
0.24592289328575 0.18964247405529 -0.39297786355019
0.25186774134636 0.19230671226978 -0.39958193898201
0.25784310698509 0.1949343085289 -0.4061493575573
0.2638732790947 0.19750672578812 -0.4126615524292
0.26996773481369 0.20001541078091 -0.41914045810699
0.27609559893608 0.20249345898628 -0.42555841803551
0.28228139877319 0.20491033792496 -0.43194562196732
0.28849801421165 0.20729385316372 -0.43827199935913
0.29477551579475 0.20961637794971 -0.4445678293705
0.30108645558357 0.21188056468964 -0.45083317160606
0.30745542049408 0.2140841037035 -0.45703715085983
0.31388553977013 0.21622338891029 -0.46318358182907
0.3203184902668 0.21830447018147 -0.46929311752319
0.32680958509445 0.22032189369202 -0.47537225484848
0.33336186408997 0.22230535745621 -0.48139637708664
0.33997192978859 0.22423109412193 -0.48735663294792
0.34659123420715 0.22609271109104 -0.4932798743248
0.35326546430588 0.22789315879345 -0.49914559721947
0.36000064015388 0.22960215806961 -0.50494372844696
0.36679998040199 0.23124711215496 -0.51068413257599
0.37363296747208 0.2328310161829 -0.51635730266571
0.38052672147751 0.23432324826717 -0.52197253704071
0.38747861981392 0.23575140535831 -0.52749627828598
0.39449778199196 0.23708809912205 -0.53295600414276
0.40157154202461 0.23836071789265 -0.538354575634
0.40871277451515 0.23954486846924 -0.54368901252747
0.41591182351112 0.240637332201 -0.54896539449692
0.42317488789558 0.24166259169579 -0.55412292480469
0.43049615621567 0.24259953200817 -0.55921322107315
0.43785411119461 0.24347242712975 -0.56423950195313
0.44529414176941 0.24422913789749 -0.56918030977249
0.45277407765388 0.24491588771343 -0.57405406236649
0.46033623814583 0.24548648297787 -0.57883608341217
0.46793529391289 0.24599009752274 -0.58352965116501
0.47559204697609 0.24640198051929 -0.588159263134
0.48330688476563 0.24669495224953 -0.59269708395004
0.49108570814133 0.24692083895206 -0.597143471241
0.49892276525497 0.2470305711031 -0.60149842500687
0.50682383775711 0.24704580008984 -0.60578602552414
0.51478272676468 0.2469664812088 -0.60996091365814
0.52277529239655 0.24679556488991 -0.61406546831131
0.53082275390625 0.24650552868843 -0.61808180809021
0.53893136978149 0.24609057605267 -0.62200325727463
0.54707330465317 0.24558398127556 -0.62583631277084
0.55524891614914 0.24498273432255 -0.62954699993134
0.56347638368607 0.24429000914097 -0.63319098949432
0.57176500558853 0.24347507953644 -0.63671576976776
0.58011478185654 0.24254129827023 -0.64014905691147
0.58846741914749 0.24150969088078 -0.64348763227463
0.59687513113022 0.24036230146885 -0.64673483371735
0.60531628131866 0.23908968269825 -0.64985978603363
0.61378794908524 0.23769201338291 -0.65289014577866
0.62231439352036 0.2362025976181 -0.65580135583878
0.63084417581558 0.2345943748951 -0.65859097242355
0.63943177461624 0.23286099731922 -0.66131293773651
0.64801943302155 0.23103600740433 -0.66391611099243
0.65663760900497 0.2290890365839 -0.66639709472656
0.66528004407883 0.22705039381981 -0.66878366470337
0.67392891645432 0.22488981485367 -0.67105120420456
0.68257433176041 0.2226070612669 -0.67319351434708
0.69127202033997 0.22020515799522 -0.67521375417709
0.699975669384 0.21770593523979 -0.67710882425308
0.70867609977722 0.21509043872356 -0.67891252040863
0.71737664937973 0.21235005557537 -0.68059384822845
0.72607421875 0.20949041843414 -0.68212598562241
0.73477172851563 0.2065332531929 -0.68353301286697
0.74346613883972 0.20346017181873 -0.68481463193893
0.75215750932693 0.20026487112045 -0.68597424030304
0.76084911823273 0.19694775342941 -0.68701201677322
0.7765229344368 0.19075873494148 -0.68866580724716
0.78382873535156 0.18775260448456 -0.6892916560173
0.79135435819626 0.18454223871231 -0.68982255458832
0.79906916618347 0.18112726509571 -0.69023150205612
0.80694586038589 0.17753832042217 -0.6905397772789
0.81490182876587 0.17383041977882 -0.69072890281677
0.82295835018158 0.16994848847389 -0.6907930970192
0.83104258775711 0.16594775021076 -0.6907320022583
0.83917540311813 0.16182789206505 -0.69054901599884
0.84730219841003 0.15759186446667 -0.69021332263947
0.85541999340057 0.15323702991009 -0.68975251913071
0.86353152990341 0.14876316487789 -0.68916648626328
0.87163698673248 0.14419767260551 -0.68843108415604
0.87971186637878 0.13954377174377 -0.68757355213165
0.88775008916855 0.13480134308338 -0.68653273582458
0.89575177431107 0.12996722757816 -0.68537020683289
0.90369576215744 0.12504781782627 -0.6840792298317
0.91157215833664 0.12006412446499 -0.6826388835907
0.91938775777817 0.11499515175819 -0.68107652664185
0.92713630199432 0.10983461886644 -0.6793612241745
0.93482369184494 0.1046130657196 -0.6774936914444
0.94241940975189 0.099333576858044 -0.67547643184662
0.94994801282883 0.093995824456215 -0.67333114147186
0.9573882818222 0.088597446680069 -0.67106652259827
0.9647644162178 0.083140708506107 -0.6686497926712
0.9720458984375 0.077626243233681 -0.66608321666718
0.97923582792282 0.072078078985214 -0.66336399316788
0.98633420467377 0.066502556204796 -0.66051679849625
0.9933380484581 0.060868926346302 -0.65752297639847
1.0002501010895 0.055204935371876 -0.65440428256989
1.0070405006409 0.049513176083565 -0.65116316080093
1.0137633085251 0.043766878545284 -0.64774817228317
1.0203703641891 0.038014110177755 -0.64420521259308
1.0268555879593 0.032237276434898 -0.64053708314896
1.0332427024841 0.026429699733853 -0.63672232627869
1.0395081043243 0.020622074604034 -0.63278257846832
1.0457092523575 0.014814594760537 -0.62872076034546
1.0517914295197 0.0089552281424403 -0.62453979253769
1.0577546358109 0.003092595608905 -0.62020951509476
1.0636199712753 -0.0027697551995516 -0.61575382947922
1.0693633556366 -0.0086291087791324 -0.61117613315582
1.0749878883362 -0.014488535933197 -0.60648250579834
1.0804899930954 -0.020348025485873 -0.60166382789612
1.0858672857285 -0.026201358065009 -0.59672296047211
1.0911530256271 -0.032030198723078 -0.59166014194489
1.0963196754456 -0.037853080779314 -0.58650577068329
1.1013610363007 -0.043648298829794 -0.58123242855072
1.1062804460526 -0.049437649548054 -0.57583999633789
1.1111084222794 -0.055226869881153 -0.57032537460327
1.1158599853516 -0.06103440746665 -0.56463688611984
1.1205596923828 -0.06689065694809 -0.55878376960754
1.1251831054688 -0.072811238467693 -0.55274128913879
1.1297698020935 -0.078786671161652 -0.54653090238571
1.1342986822128 -0.084813892841339 -0.54021394252777
1.1388214826584 -0.090838015079498 -0.53378695249557
1.1432923078537 -0.096886850893497 -0.52724695205688
1.1477324962616 -0.10292936116457 -0.520652115345
1.1521424055099 -0.10897193104029 -0.51400220394135
1.1564940214157 -0.1150113940239 -0.50729471445084
1.1608397960663 -0.12104779481888 -0.50055932998657
1.1651611328125 -0.12705674767494 -0.49376940727234
1.1694549322128 -0.13303217291832 -0.4869792163372
1.1737457513809 -0.13900147378445 -0.48013398051262
1.1779814958572 -0.14497074484825 -0.47328898310661
1.1822112798691 -0.15088205039501 -0.46644392609596
1.1864409446716 -0.15679045021534 -0.45954406261444
1.1906188726425 -0.16266816854477 -0.45264405012131
1.1947906017303 -0.16851541399956 -0.44574078917503
1.1989624500275 -0.17432896792889 -0.4388439655304
1.2031066417694 -0.1801121532917 -0.43194374442101
1.2072234153748 -0.18586473166943 -0.42505005002022
1.2113373279572 -0.19158686697483 -0.41815316677094
1.215451002121 -0.19727846980095 -0.41125926375389
1.2195647954941 -0.20293642580509 -0.40436846017838
1.2236816883087 -0.20856410264969 -0.39750498533249
1.2277984619141 -0.21413350105286 -0.39064779877663
1.2319153547287 -0.21969689428806 -0.38381788134575
1.2359770536423 -0.22520236670971 -0.37699115276337
1.2400329113007 -0.23064678907394 -0.37019804120064
1.244088768959 -0.23605450987816 -0.36343541741371
1.2481474876404 -0.24143488705158 -0.35670322179794
1.2522033452988 -0.24675111472607 -0.3499770462513
1.2562621831894 -0.25203683972359 -0.34330898523331
1.2603211402893 -0.25726148486137 -0.33670204877853
1.2643798589706 -0.26242512464523 -0.33010423183441
1.2684386968613 -0.26752471923828 -0.32356423139572
1.2724975347519 -0.27256020903587 -0.31708830595016
1.2765563726425 -0.27753454446793 -0.31064918637276
1.2806183099747 -0.28244805335999 -0.3042711019516
1.2846771478653 -0.28726994991302 -0.29795387387276
1.2887359857559 -0.29202455282211 -0.29173135757446
1.2927947044373 -0.29671823978424 -0.28557297587395
1.2968536615372 -0.30132034420967 -0.27950608730316
1.3009155988693 -0.30585837364197 -0.27353695034981
1.3049744367599 -0.31030178070068 -0.26766240596771
1.309030175209 -0.3146536052227 -0.26188224554062
1.3130890130997 -0.31891396641731 -0.25619685649872
1.3171478509903 -0.3230796456337 -0.25063359737396
1.3212065696716 -0.32715076208115 -0.24519534409046
1.32526242733 -0.33110284805298 -0.23988232016563
1.3293182849884 -0.33495718240738 -0.23469410836697
1.3333740234375 -0.33872005343437 -0.22963124513626
1.3374298810959 -0.34236082434654 -0.22471807897091
1.341485619545 -0.34587940573692 -0.21996343135834
1.3455383777618 -0.34930369257927 -0.2153338342905
1.3495665788651 -0.35260570049286 -0.21085397899151
1.3535889387131 -0.35578855872154 -0.20650210976601
1.3575836420059 -0.35884362459183 -0.20233055949211
1.3615784645081 -0.3618066906929 -0.19828379154205
1.3655700683594 -0.36465108394623 -0.19439280033112
1.36956179142 -0.36737015843391 -0.19067886471748
1.3735259771347 -0.36997026205063 -0.18712356686592
1.3775268793106 -0.37245124578476 -0.18371167778969
1.3816528320313 -0.37487149238586 -0.1803547590971
1.3859528303146 -0.37730377912521 -0.17700697481632
1.3903533220291 -0.37965953350067 -0.17374160885811
1.3948090076447 -0.38194540143013 -0.17054937779903
1.3993285894394 -0.38417315483093 -0.1674457937479
1.4039093255997 -0.38634297251701 -0.16443362832069
1.4085510969162 -0.38845175504684 -0.16147957742214
1.4132813215256 -0.39049959182739 -0.15861721336842
1.4180724620819 -0.39248639345169 -0.15584319829941
1.4229278564453 -0.39441511034966 -0.15313318371773
1.427844285965 -0.3962796330452 -0.15048117935658
1.4328429698944 -0.3981137573719 -0.14792078733444
1.437878370285 -0.39989304542542 -0.14542132616043
1.4429718255997 -0.40163862705231 -0.14298002421856
1.4481201171875 -0.40332624316216 -0.14059966802597
1.4533294439316 -0.40495279431343 -0.13827714323997
1.4585998058319 -0.40654888749123 -0.13601589202881
1.4638732671738 -0.40811449289322 -0.13381572067738
1.4691985845566 -0.40962529182434 -0.13167628645897
1.4745544195175 -0.41109922528267 -0.12959204614162
1.4799407720566 -0.41254863142967 -0.12754420936108
1.4853851795197 -0.41393736004829 -0.12554836273193
1.4908324480057 -0.41532295942307 -0.12358616292477
1.4963043928146 -0.4166564643383 -0.12168183922768
1.5018066167831 -0.41798084974289 -0.11980801075697
1.5073119401932 -0.41925355792046 -0.11796490103006
1.5128418207169 -0.42052313685417 -0.11614914238453
1.5184020996094 -0.42176520824432 -0.11436376720667
1.5239623785019 -0.42297685146332 -0.11260583996773
1.5295257568359 -0.4241883456707 -0.11087553203106
1.5350830554962 -0.42536944150925 -0.10917894542217
1.5406707525253 -0.42655342817307 -0.107506506145
1.5462585687637 -0.42770710587502 -0.10584029555321
1.551876783371 -0.42886051535606 -0.10416797548532
1.5574951171875 -0.43001419305801 -0.10252606123686
1.563113451004 -0.4311403632164 -0.10091176629066
1.568728685379 -0.43226644396782 -0.099300414323807
1.5743470191956 -0.43339267373085 -0.097688980400562
1.5799621343613 -0.43449121713638 -0.096074543893337
1.5855773687363 -0.43558990955353 -0.094457380473614
1.5911926031113 -0.43668538331985 -0.092839784920216
1.5968109369278 -0.43778419494629 -0.091222323477268
1.6024230718613 -0.43888285756111 -0.08960497379303
1.6080383062363 -0.43998154997826 -0.087984472513199
1.6136535406113 -0.44108319282532 -0.086363963782787
1.6192687749863 -0.44218188524246 -0.084743514657021
1.624881029129 -0.4432834982872 -0.083123169839382
1.6304961442947 -0.44441279768944 -0.081499509513378
1.6361083984375 -0.44554498791695 -0.07987604290247
1.641720533371 -0.44670760631561 -0.078197546303272
1.647335767746 -0.44787034392357 -0.076513141393661
1.6529480218887 -0.44903630018234 -0.074825316667557
1.6585327386856 -0.4502021074295 -0.073137827217579
1.664114356041 -0.45136785507202 -0.071425668895245
1.6696960926056 -0.45256116986275 -0.069677174091339
1.6752777099609 -0.45378497242928 -0.067928373813629
1.6808319091797 -0.45501166582108 -0.066149212419987
1.6864104270935 -0.45624166727066 -0.064370200037956
1.6919647455215 -0.45746850967407 -0.062560476362705
1.6975159645081 -0.45872589945793 -0.060720261186361
1.703066945076 -0.46001076698303 -0.058876968920231
1.7086151838303 -0.4613017141819 -0.057003326714039
1.7141388654709 -0.4625925719738 -0.055101931095123
1.71965944767 -0.46391078829765 -0.053194530308247
1.7251770496368 -0.46523234248161 -0.051232431083918
1.7306914329529 -0.46658438444138 -0.049264192581177
1.736135840416 -0.46792709827423 -0.047280505299568
1.7415344715118 -0.46926084160805 -0.045309018343687
1.746878027916 -0.47059133648872 -0.043395407497883
1.7521606683731 -0.47186097502708 -0.041527934372425
1.7573852539063 -0.47309386730194 -0.039724338799715
1.7625548839569 -0.47429001331329 -0.037984643131495
1.767688035965 -0.4754558801651 -0.036309327930212
1.7727935314178 -0.47655755281448 -0.034704204648733
1.7778412103653 -0.47759819030762 -0.033187475055456
1.7828307151794 -0.47857773303986 -0.03173790127039
1.7878112792969 -0.47949042916298 -0.030413465574384
1.7927398681641 -0.48031121492386 -0.029207991436124
1.7976043224335 -0.48106795549393 -0.028100129216909
1.8024628162384 -0.48176392912865 -0.027117462828755
1.8072662353516 -0.48233744502068 -0.026259817183018
1.8120087385178 -0.48284715414047 -0.025494009256363
1.816717505455 -0.48326510190964 -0.024849833920598
1.8213653564453 -0.48361617326736 -0.024334108456969
1.825979590416 -0.48385414481163 -0.02396797388792
1.8305633068085 -0.484021961689 -0.023723786696792
1.835086107254 -0.48407369852066 -0.023607809096575
1.8395508527756 -0.48405539989471 -0.023668730631471
1.8439544439316 -0.48394852876663 -0.02385507337749
1.8483214378357 -0.48372575640678 -0.024166237562895
1.8526611328125 -0.4834326505661 -0.024630138650537
1.8569396734238 -0.48302361369133 -0.025218952447176
1.8611602783203 -0.48252323269844 -0.025951420888305
1.8653473854065 -0.4819250702858 -0.02681808359921
1.8694732189178 -0.48123821616173 -0.027855759486556
1.8735443353653 -0.4804325401783 -0.029021475464106
1.8775511980057 -0.47955968976021 -0.03031225502491
1.8815521001816 -0.47857093811035 -0.031752828508615
1.8855011463165 -0.4774874150753 -0.033315114676952
1.8893890380859 -0.47631239891052 -0.035054724663496
1.893243432045 -0.47504281997681 -0.03692851215601
1.8970702886581 -0.473657310009 -0.038945741951466
1.9008393287659 -0.47220441699028 -0.041087884455919
1.9046051502228 -0.47062981128693 -0.043385900557041
1.9083129167557 -0.4689664542675 -0.045833572745323
1.9120209217072 -0.46721166372299 -0.048403009772301
1.9156707525253 -0.46535906195641 -0.051131289452314
1.9192870855331 -0.46339070796967 -0.054008990526199
1.9228789806366 -0.46130019426346 -0.057033125311136
1.9264647960663 -0.45911186933517 -0.060219183564186
1.929998755455 -0.45682919025421 -0.063530318439007
1.93352663517 -0.45443326234818 -0.067015424370766
1.9370545148849 -0.45193699002266 -0.07065612077713
1.9405304193497 -0.44932162761688 -0.074428081512451
1.9440002441406 -0.4465871155262 -0.078373834490776
1.9474700689316 -0.44375494122505 -0.082472451031208
1.9509124755859 -0.44080078601837 -0.086705237627029
1.9543517827988 -0.43772751092911 -0.091111972928047
1.9577666521072 -0.43453225493431 -0.095695488154888
1.9611755609512 -0.43123915791512 -0.1004136428237
1.9645599126816 -0.42782709002495 -0.10528095066547
1.9679412841797 -0.42429322004318 -0.11032564938068
1.9712921380997 -0.42064023017883 -0.11549531668425
1.9746398925781 -0.41688939929008 -0.12084776163101
1.9779906272888 -0.41301962733269 -0.12635023891926
1.98131108284 -0.40903389453888 -0.13197153806686
1.984628200531 -0.40491992235184 -0.13774861395359
1.987918138504 -0.40071779489517 -0.14367499947548
1.9912048578262 -0.39642375707626 -0.1497203707695
1.9944640398026 -0.39201074838638 -0.15591563284397
1.9977202415466 -0.387475669384 -0.16223253309727
2.0009491443634 -0.38284930586815 -0.16866874694824
2.0041441917419 -0.37813714146614 -0.17522089183331
2.0073363780975 -0.37332752346992 -0.18189796805382
2.0105042457581 -0.36843249201775 -0.18866360187531
2.0136382579803 -0.36344873905182 -0.19551502168179
2.0167694091797 -0.35837063193321 -0.20248812437057
2.019900560379 -0.35320687294006 -0.20954988896847
2.0229766368866 -0.34798219799995 -0.21669711172581
2.0260467529297 -0.34266585111618 -0.22390824556351
2.029061794281 -0.33726125955582 -0.23120503127575
2.0320708751678 -0.33179533481598 -0.23855966329575
2.0350799560547 -0.32626861333847 -0.24597848951817
2.0380342006683 -0.32068383693695 -0.25344914197922
2.0409820079803 -0.31504103541374 -0.26098078489304
2.0439300537109 -0.30933719873428 -0.26857054233551
2.0468261241913 -0.30357241630554 -0.27619069814682
2.0497131347656 -0.29774954915047 -0.28384152054787
2.05260014534 -0.29189312458038 -0.29154720902443
2.0554625988007 -0.28598165512085 -0.29925280809402
2.0582947731018 -0.28000327944756 -0.30702567100525
2.0611298084259 -0.27396064996719 -0.31485629081726
2.0639679431915 -0.26785710453987 -0.32272687554359
2.0668120384216 -0.26169863343239 -0.33061558008194
2.0696594715118 -0.25549119710922 -0.33851665258408
2.0725648403168 -0.24928696453571 -0.34641152620316
2.0754790306091 -0.24308882653713 -0.35424235463142
2.0784332752228 -0.23689369857311 -0.36206084489822
2.0814452171326 -0.23070460557938 -0.36982452869415
2.0845215320587 -0.22451564669609 -0.37752103805542
2.0876648426056 -0.21835708618164 -0.385184019804
2.0908691883087 -0.21219864487648 -0.39278584718704
2.0941407680511 -0.20604935288429 -0.40032076835632
2.0975005626678 -0.19995199143887 -0.40779736638069
2.1009275913239 -0.19386364519596 -0.41518265008926
2.1044464111328 -0.18783023953438 -0.42250090837479
2.1080536842346 -0.18180610239506 -0.42975783348083
2.1117584705353 -0.17581242322922 -0.43692338466644
2.1155273914337 -0.16984911262989 -0.44399741292
2.1194121837616 -0.16394405066967 -0.45100715756416
2.1233673095703 -0.15807229280472 -0.45792564749718
2.1274383068085 -0.15226481854916 -0.464749366045
2.1316039562225 -0.14646050333977 -0.47148153185844
2.1358368396759 -0.14071704447269 -0.47814956307411
2.1401855945587 -0.1350314617157 -0.48469871282578
2.144656419754 -0.12941022217274 -0.49115309119225
2.1492216587067 -0.12385290116072 -0.49751606583595
2.1538817882538 -0.11833220720291 -0.50378113985062
2.1586334705353 -0.11289705336094 -0.50993067026138
2.1635041236877 -0.1074984818697 -0.5159547328949
2.1684997081757 -0.10219144821167 -0.52188128232956
2.1735870838165 -0.096975937485695 -0.5276888012886
2.1787931919098 -0.091824717819691 -0.53337424993515
2.1841247081757 -0.086737416684628 -0.53895884752274
2.1895203590393 -0.081741653382778 -0.54442751407623
2.1950316429138 -0.076840534806252 -0.54977130889893
2.2006683349609 -0.072030946612358 -0.5549898147583
2.2063963413239 -0.067316025495529 -0.56008619070053
2.2122466564178 -0.062692560255527 -0.56506043672562
2.2182128429413 -0.058163743466139 -0.5698823928833
2.2242798805237 -0.053760029375553 -0.5745757818222
2.2304320335388 -0.049478448927402 -0.57912009954453
2.236706495285 -0.045291379094124 -0.58353888988495
2.2430725097656 -0.041226416826248 -0.58780533075333
2.2495543956757 -0.037289749830961 -0.59191608428955
2.2561066150665 -0.033475022763014 -0.59587419033051
2.2627716064453 -0.02980992756784 -0.59970706701279
2.2695558071136 -0.026272872462869 -0.60336303710938
2.2764067649841 -0.02286115847528 -0.60688495635986
2.283346414566 -0.01959865540266 -0.61022973060608
2.2903716564178 -0.016464458778501 -0.6134215593338
2.2974638938904 -0.013510375283659 -0.61645817756653
2.3046386241913 -0.01068769954145 -0.61933904886246
2.31187748909 -0.0080112563446164 -0.6220675110817
2.31920170784 -0.0055179880000651 -0.62461882829666
2.3265900611877 -0.0031558061018586 -0.62700831890106
2.3340635299683 -0.00094640592578799 -0.62921768426895
2.3415985107422 0.0010831075487658 -0.63124412298203
2.3491637706757 0.0029322099871933 -0.63311773538589
2.3567566871643 0.004619853105396 -0.63480532169342
2.3644073009491 0.0061244443058968 -0.63630992174149
2.3721129894257 0.0074763647280633 -0.63766193389893
2.3798248767853 0.0086482372134924 -0.63883376121521
2.3875885009766 0.0096338074654341 -0.63981658220291
2.395382642746 0.010463823564351 -0.64064657688141
2.4032044410706 0.011110798455775 -0.64129656553268
2.4110260009766 0.011580727994442 -0.64176654815674
2.4188477993011 0.01186144631356 -0.64204746484756
2.4266905784607 0.011986533179879 -0.64217233657837
2.4345335960388 0.011934787966311 -0.64212048053741
2.4423768520355 0.011699805036187 -0.64188855886459
2.450213432312 0.011278533376753 -0.6414675116539
2.4580504894257 0.010701625607908 -0.64089375734329
2.4658570289612 0.0099478978663683 -0.64013999700546
2.4736297130585 0.0090109081938863 -0.63920331001282
2.4813964366913 0.0078908568248153 -0.63808304071426
2.4891021251678 0.0066153299994767 -0.63680762052536
2.4968047142029 0.0051626404747367 -0.63535183668137
2.5044465065002 0.00352988159284 -0.63371616601944
2.5120513439178 0.0017354367300868 -0.63192170858383
2.5195982456207 -0.00023624248569831 -0.62995022535324
2.5270783901215 -0.0023845219984651 -0.62779581546783
2.5344970226288 -0.0046916743740439 -0.62548851966858
2.5418517589569 -0.0071484898217022 -0.62299853563309
2.5491454601288 -0.0097578279674053 -0.62032514810562
2.5563812255859 -0.012547139078379 -0.61749613285065
2.5635986328125 -0.015501220710576 -0.61447817087173
2.5708434581757 -0.018647721037269 -0.61123710870743
2.5780761241913 -0.021955830976367 -0.6078280210495
2.5852630138397 -0.025364680215716 -0.60428810119629
2.592404127121 -0.028843656182289 -0.60068106651306
2.599490404129 -0.032371658831835 -0.59702491760254
2.6065154075623 -0.035920672118664 -0.59331703186035
2.6135101318359 -0.039466965943575 -0.5896093249321
2.6204466819763 -0.043003875762224 -0.58588624000549
2.6273529529572 -0.046531960368156 -0.58216911554337
2.6342010498047 -0.050029270350933 -0.57848256826401
2.6410186290741 -0.053489796817303 -0.5748325586319
2.6478028297424 -0.056916952133179 -0.57121950387955
2.654531955719 -0.060283154249191 -0.56763660907745
2.6612548828125 -0.063579112291336 -0.564093708992
2.6679229736328 -0.066813908517361 -0.56061160564423
2.674560546875 -0.069984830915928 -0.55719369649887
2.6811645030975 -0.073063962161541 -0.55383968353271
2.6877074241638 -0.076079227030277 -0.5505742430687
2.6942231655121 -0.079030185937881 -0.54737609624863
2.7007050514221 -0.081889636814594 -0.54427546262741
2.7071533203125 -0.08465763926506 -0.54126334190369
2.7135467529297 -0.087327808141708 -0.53834593296051
2.7199339866638 -0.089937277138233 -0.53552305698395
2.7262663841248 -0.092430576682091 -0.53279167413712
2.7325654029846 -0.094826020300388 -0.53018236160278
2.7388336658478 -0.097124084830284 -0.52764338254929
2.7450408935547 -0.099333584308624 -0.52522027492523
2.7512176036835 -0.10142389684916 -0.52289491891861
2.7573640346527 -0.10339234769344 -0.52068543434143
2.7634522914886 -0.10526312887669 -0.51860094070435
2.7695343494415 -0.1070451810956 -0.51663887500763
2.7755646705627 -0.10872989147902 -0.51477432250977
2.7815582752228 -0.11029850691557 -0.51302832365036
2.7875244617462 -0.11174507439137 -0.5114049911499
2.7934601306915 -0.11309695988894 -0.50990051031113
2.7993683815002 -0.11436028033495 -0.50849366188049
2.8052458763123 -0.1155017837882 -0.50720566511154
2.8110930919647 -0.11654851585627 -0.50603997707367
2.8169403076172 -0.11747623234987 -0.50499922037125
2.8227601051331 -0.11828176677227 -0.50407761335373
2.8285522460938 -0.11899276822805 -0.50327813625336
2.8343415260315 -0.11961228400469 -0.50257307291031
2.8401062488556 -0.12011574208736 -0.50198739767075
2.8458678722382 -0.12052171677351 -0.50152629613876
2.8516051769257 -0.12080846726894 -0.50118458271027
2.8573396205902 -0.12100387364626 -0.50096476078033
2.8630766868591 -0.12110457569361 -0.50086718797684
2.8688170909882 -0.12108923494816 -0.5008642077446
2.8745574951172 -0.12097617983818 -0.50098019838333
2.8803284168243 -0.12074439972639 -0.5012212395668
2.886129617691 -0.12042085826397 -0.50158137083054
2.8919372558594 -0.12000282108784 -0.50206345319748
2.8977477550507 -0.11946548521519 -0.50266778469086
2.9035859107971 -0.11883685737848 -0.50339406728745
2.9094543457031 -0.11808614432812 -0.50424236059189
2.9153563976288 -0.1172131896019 -0.50521594285965
2.9212646484375 -0.11624587327242 -0.50631165504456
2.9272277355194 -0.11518384516239 -0.5075261592865
2.9331939220428 -0.11400876194239 -0.50886279344559
2.9392211437225 -0.11273620277643 -0.51029390096664
2.9452514648438 -0.11134764552116 -0.51184421777725
2.9513397216797 -0.10985838621855 -0.51351660490036
2.9574890136719 -0.10825304687023 -0.51531100273132
2.9636442661285 -0.10655634105206 -0.5172244310379
2.9698548316956 -0.10476806014776 -0.51923257112503
2.9760985374451 -0.10286056995392 -0.52135652303696
2.9823729991913 -0.10085859149694 -0.52357518672943
2.9886810779572 -0.098765008151531 -0.52591276168823
2.9950439929962 -0.09655237942934 -0.52834504842758
3.0014405250549 -0.094248376786709 -0.53089338541031
3.0078673362732 -0.091855809092522 -0.53353607654572
3.0143554210663 -0.089368589222431 -0.5362673997879
3.0209014415741 -0.086756274104118 -0.53909933567047
3.0276215076447 -0.084037065505981 -0.54205656051636
3.0344605445862 -0.081217154860497 -0.54512351751328
3.0414152145386 -0.078317999839783 -0.54826372861862
3.0484833717346 -0.075394459068775 -0.55145597457886
3.0556395053864 -0.072452448308468 -0.55464196205139
3.0628845691681 -0.069492176175117 -0.55784630775452
3.0702178478241 -0.06653194129467 -0.56104147434235
3.0776398181915 -0.063580900430679 -0.56417852640152
3.0851197242737 -0.060660380870104 -0.56730061769485
3.092663526535 -0.057776529341936 -0.57036751508713
3.1002624034882 -0.05492614582181 -0.57339185476303
3.1079499721527 -0.052136793732643 -0.57635813951492
3.1169800758362 -0.04938406124711 -0.57926046848297
3.1258392333984 -0.046661972999573 -0.58210170269012
3.1345610618591 -0.044003959745169 -0.58487570285797
3.1431822776794 -0.041406851261854 -0.58758860826492
3.1517241001129 -0.038870826363564 -0.59024059772491
3.1602141857147 -0.036398891359568 -0.59280109405518
3.1686799526215 -0.034015357494354 -0.59529745578766
3.1771240234375 -0.031699042767286 -0.59773272275925
3.1855742931366 -0.029443828389049 -0.60007655620575
3.1940276622772 -0.027252728119493 -0.60233157873154
3.2024841308594 -0.02515016309917 -0.60451680421829
3.210946559906 -0.023108512163162 -0.60661643743515
3.2194092273712 -0.021133914589882 -0.60865193605423
3.227899312973 -0.01924504712224 -0.61056846380234
3.2364258766174 -0.017450457438827 -0.61241787672043
3.2449524402618 -0.015720184892416 -0.61417853832245
3.253536939621 -0.014078508131206 -0.61584788560867
3.2621245384216 -0.012503568083048 -0.61745315790176
3.270742893219 -0.011017479933798 -0.61896675825119
3.2793915271759 -0.0096228113397956 -0.62036162614822
3.2880401611328 -0.0082921991124749 -0.62169200181961
3.2967467308044 -0.0070777134969831 -0.6229310631752
3.3054535388947 -0.0059332801029086 -0.62407541275024
3.3141632080078 -0.0048774760216475 -0.62513142824173
3.3229002952576 -0.0039404896087945 -0.6260958313942
3.3316650390625 -0.0030707353726029 -0.62696546316147
3.3404326438904 -0.0023169449996203 -0.62771934270859
3.3492248058319 -0.0016334496904165 -0.62840282917023
3.358020067215 -0.001065838499926 -0.62899792194366
3.3668427467346 -0.00059281749418005 -0.62947398424149
3.3756651878357 -0.00018375563377049 -0.62987995147705
3.3844878673553 0.00010918182670139 -0.63017308712006
3.3933074474335 0.00030437679379247 -0.63037127256393
3.4021270275116 0.00040819836431183 -0.63047498464584
3.4109437465668 0.00039286879473366 -0.63045978546143
3.4197602272034 0.00028598375502042 -0.63034987449646
3.4285736083984 5.4159354476724e-005 -0.63012111186981
3.4373595714569 -0.00024197777383961 -0.62982189655304
3.4461150169373 -0.00065703265136108 -0.62940698862076
3.4548645019531 -0.0011911755427718 -0.62887299060822
3.4636108875275 -0.0018227609107271 -0.62824136018753
3.4723267555237 -0.0025736261159182 -0.62749063968658
3.4810149669647 -0.0034188060089946 -0.62664532661438
3.4897003173828 -0.0043558147735894 -0.62570518255234
3.4982116222382 -0.0053935400210321 -0.62466472387314
3.5064270496368 -0.0064401738345623 -0.62362092733383
3.5143401622772 -0.0074685835279524 -0.62259244918823
3.5220031738281 -0.0084636444225907 -0.62159764766693
3.5294706821442 -0.0093881441280246 -0.62067300081253
3.5367705821991 -0.010273220948875 -0.61979085206985
3.5439026355743 -0.011094091460109 -0.61896699666977
3.5509216785431 -0.011847943067551 -0.61821329593658
3.5578277111053 -0.012485707178712 -0.61757546663284
3.5646209716797 -0.013053321279585 -0.61701089143753
3.5713286399841 -0.013529442250729 -0.61653482913971
3.5779786109924 -0.013913955539465 -0.61615324020386
3.5845732688904 -0.01420384272933 -0.61586326360703
3.5911133289337 -0.014371575787663 -0.6156924366951
3.5976257324219 -0.014444900676608 -0.61561912298203
3.6041107177734 -0.014426580630243 -0.61564064025879
3.6105406284332 -0.014316672459245 -0.6157534122467
3.6169676780701 -0.014084598049521 -0.61598527431488
3.62340092659 -0.013758235611022 -0.61633622646332
3.6298339366913 -0.013343065977097 -0.61678797006607
3.6362457275391 -0.012802956625819 -0.61735546588898
3.6426544189453 -0.012171137146652 -0.61802077293396
3.6490967273712 -0.011420498602092 -0.61877465248108
3.6555418968201 -0.010547542944551 -0.6196506023407
3.661990404129 -0.0095771104097366 -0.62064534425735
3.6684386730194 -0.0084875328466296 -0.6217377781868
3.6749205589294 -0.0072759105823934 -0.62294942140579
3.6814301013947 -0.0059422636404634 -0.62428307533264
3.6879758834839 -0.004511118400842 -0.62573873996735
3.6945526599884 -0.0029638833366334 -0.62728893756866
3.7011597156525 -0.0012913341633976 -0.62895828485489
3.7078278064728 0.00047277030535042 -0.63074970245361
3.7145049571991 0.0023586472962052 -0.63260513544083
3.7212340831757 0.004336029291153 -0.6345796585083
3.7279999256134 0.0064326329156756 -0.6366730928421
3.7348237037659 0.0086514437571168 -0.6388885974884
3.7416839599609 0.010964604094625 -0.6411988735199
3.7485718727112 0.01339989900589 -0.64362800121307
3.7555205821991 0.015951225534081 -0.64612138271332
3.7625274658203 0.01862758398056 -0.64873057603836
3.7695708274841 0.021395590156317 -0.65145874023438
3.7766449451447 0.024282589554787 -0.6542541384697
3.7837738990784 0.027264283969998 -0.65716242790222
3.7909667491913 0.030334265902638 -0.66013491153717
3.7981903553009 0.033520434051752 -0.66319596767426
3.8054473400116 0.036801166832447 -0.66634821891785
3.8127624988556 0.040173176676035 -0.66958636045456
3.8201384544373 0.043633922934532 -0.67288827896118
3.8275451660156 0.047183275222778 -0.67624825239182
3.8350126743317 0.050824083387852 -0.67966914176941
3.8425109386444 0.054528847336769 -0.68314522504807
3.8500428199768 0.058319047093391 -0.68668508529663
3.8576295375824 0.062198001891375 -0.69028007984161
3.8652801513672 0.066140942275524 -0.69393610954285
3.8730101585388 0.070178337395191 -0.69765621423721
3.880850315094 0.074313476681709 -0.70144349336624
3.8887543678284 0.078482262790203 -0.70526427030563
3.8967041969299 0.082623496651649 -0.70903313159943
3.9046874046326 0.086718946695328 -0.71275323629379
3.912707567215 0.09074429422617 -0.71638184785843
3.920788526535 0.094699308276176 -0.71990662813187
3.9289062023163 0.098529309034348 -0.72333359718323
3.9370787143707 0.10225540399551 -0.72663563489914
3.9453155994415 0.10585641115904 -0.72980946302414
3.95361328125 0.1092988178134 -0.73282468318939
3.9619691371918 0.11260995268822 -0.73571473360062
3.9703795909882 0.11574105918407 -0.73844915628433
3.9788239002228 0.11870733648539 -0.74102783203125
3.987295627594 0.12149368226528 -0.74345099925995
3.9958190917969 0.12409077584744 -0.74569088220596
4.0043425559998 0.12647092342377 -0.74777227640152
4.0128631591797 0.12866513431072 -0.74967336654663
4.0213775634766 0.13064575195313 -0.75139164924622
4.0298857688904 0.13243725895882 -0.75292360782623
4.0383911132813 0.1340179592371 -0.75426936149597
4.0468597412109 0.13541260361671 -0.75543510913849
4.0552949905396 0.13656310737133 -0.75641489028931
4.0636901855469 0.13749980926514 -0.75721442699432
4.0720248222351 0.13822309672832 -0.75782781839371
4.0802674293518 0.13873280584812 -0.75826108455658
4.0884399414063 0.13902565836906 -0.75851142406464
4.0965423583984 0.13910815119743 -0.75857555866241
4.1045560836792 0.13897998631001 -0.75846266746521
4.1124448776245 0.13863500952721 -0.75816351175308
4.1202392578125 0.13811014592648 -0.75771194696426
4.1279358863831 0.13737463951111 -0.75708323717117
4.1355104446411 0.13642546534538 -0.75627160072327
4.1429319381714 0.13526576757431 -0.75530403852463
4.1502561569214 0.13392300903797 -0.75415974855423
4.157461643219 0.13239707052708 -0.75283205509186
4.1645383834839 0.13069115579128 -0.7513764500618
4.1714963912964 0.12880516052246 -0.74974691867828
4.1783018112183 0.12673598527908 -0.74796146154404
4.1849822998047 0.12448374181986 -0.74599623680115
4.1915407180786 0.12205452471972 -0.74390596151352
4.1979188919067 0.1194422096014 -0.74163836240768
4.2041716575623 0.11667427420616 -0.73921233415604
4.2102994918823 0.11375358700752 -0.7366641163826
4.2162780761719 0.11065600812435 -0.73394173383713
4.2221312522888 0.10740578919649 -0.73106092214584
4.2278656959534 0.10397257655859 -0.72802758216858
4.2334470748901 0.10038666427135 -0.72484159469604
4.2389068603516 0.096651464700699 -0.721499979496
4.2442140579224 0.092763423919678 -0.71800875663757
4.2493681907654 0.088719844818115 -0.71436494588852
4.2543973922729 0.084529764950275 -0.71054124832153
4.25927734375 0.080187007784843 -0.70658600330353
4.2640318870544 0.075688593089581 -0.70245391130447
4.2686614990234 0.07104379683733 -0.69816935062408
4.2731447219849 0.066243432462215 -0.6937290430069
4.2774720191956 0.061320871114731 -0.68913608789444
4.2816834449768 0.056209150701761 -0.68435108661652
4.2858457565308 0.050819639116526 -0.67925763130188
4.2899689674377 0.045195169746876 -0.67392617464066
4.2939300537109 0.039619572460651 -0.66858565807343
4.2977447509766 0.034114219248295 -0.6633061170578
4.3014769554138 0.028733925893903 -0.65812438726425
4.3051328659058 0.023484835401177 -0.65301871299744
4.3087372779846 0.018391402438283 -0.64803194999695
4.3122892379761 0.013429279439151 -0.64317673444748
4.3158140182495 0.0086197732016444 -0.63844639062881
4.319317817688 0.0039658127352595 -0.633868932724
4.3227906227112 -0.00051138293929398 -0.62941640615463
4.3262696266174 -0.0048568360507488 -0.62508898973465
4.3297486305237 -0.009025483392179 -0.62091118097305
4.3332304954529 -0.013041622936726 -0.61686140298843
4.3367128372192 -0.016905229538679 -0.61295521259308
4.3402280807495 -0.020619105547667 -0.60917723178864
4.3437743186951 -0.024180617183447 -0.60554873943329
4.3473267555237 -0.027592459693551 -0.6020695567131
4.3509092330933 -0.030882328748703 -0.59871256351471
4.3545227050781 -0.034025497734547 -0.59547793865204
4.3581695556641 -0.037046730518341 -0.59236198663712
4.3618469238281 -0.039949007332325 -0.58936512470245
4.3655610084534 -0.042729254812002 -0.58645993471146
4.3693299293518 -0.045393437147141 -0.58367359638214
4.3731384277344 -0.047935418784618 -0.58100932836533
4.3770079612732 -0.05038296058774 -0.57846415042877
4.3809113502502 -0.052717573940754 -0.57601076364517
4.3848786354065 -0.0549574829638 -0.57364851236343
4.388934135437 -0.057106032967567 -0.57137793302536
4.393057346344 -0.059138491749763 -0.56922352313995
4.3972444534302 -0.061103895306587 -0.56713300943375
4.4015259742737 -0.06295619904995 -0.56516164541245
4.4058718681335 -0.06474157422781 -0.56325429677963
4.4103364944458 -0.066413782536983 -0.56146281957626
4.4148712158203 -0.068015985190868 -0.55976617336273
4.4195251464844 -0.069529727101326 -0.55813646316528
4.4242768287659 -0.070954896509647 -0.55661976337433
4.4291505813599 -0.072285413742065 -0.55517017841339
4.4341216087341 -0.073527425527573 -0.55383956432343
4.4392123222351 -0.074675001204014 -0.55260366201401
4.4444274902344 -0.075730822980404 -0.55145919322968
4.4497680664063 -0.076722539961338 -0.55040645599365
4.4552307128906 -0.077598571777344 -0.54947245121002
4.4608430862427 -0.07840720564127 -0.54860574007034
4.4665803909302 -0.079099878668785 -0.54785811901093
4.4724397659302 -0.079725585877895 -0.54720205068588
4.4784207344055 -0.080235093832016 -0.5466405749321
4.4845247268677 -0.080650165677071 -0.54616737365723
4.4907469749451 -0.081001199781895 -0.54581332206726
4.4971160888672 -0.081235997378826 -0.54552966356277
4.5035829544067 -0.081403911113739 -0.54535865783691
4.5101652145386 -0.081458799540997 -0.54527938365936
4.5168395042419 -0.081446692347527 -0.5452915430069
4.5236296653748 -0.081348992884159 -0.54539525508881
4.5305113792419 -0.081187076866627 -0.54558765888214
4.5374817848206 -0.080939888954163 -0.54587149620056
4.5445404052734 -0.080628588795662 -0.5462161898613
4.5516905784607 -0.080231979489326 -0.54661911725998
4.5588989257813 -0.079774141311646 -0.54710733890533
4.5661926269531 -0.079258322715759 -0.54768413305283
4.5735473632813 -0.078681647777557 -0.54832512140274
4.5809631347656 -0.078043632209301 -0.54902386665344
4.5884461402893 -0.077350988984108 -0.54975610971451
4.5960297584534 -0.076652079820633 -0.55054348707199
4.6037049293518 -0.075904510915279 -0.55135244131088
4.6114168167114 -0.075144611299038 -0.55217635631561
4.619140625 -0.074393808841705 -0.55298203229904
4.6268644332886 -0.073713310062885 -0.55372351408005
4.6346158981323 -0.073105975985527 -0.5543612241745
4.6423401832581 -0.072593316435814 -0.55492907762527
4.6500883102417 -0.072150856256485 -0.55539888143539
4.6578125953674 -0.071802861988544 -0.55574381351471
4.6655302047729 -0.071580201387405 -0.55599105358124
4.6732454299927 -0.071482539176941 -0.55611318349838
4.6809601783752 -0.071479544043541 -0.55611312389374
4.6886720657349 -0.07160159945488 -0.55595755577087
4.6963257789612 -0.071873128414154 -0.5556765794754
4.7039732933044 -0.072272963821888 -0.55524325370789
4.7115874290466 -0.072794914245605 -0.55465763807297
4.7191710472107 -0.073469445109367 -0.55391579866409
4.7267241477966 -0.074268862605095 -0.55304914712906
4.7342405319214 -0.075218081474304 -0.55200546979904
4.7417268753052 -0.0763199031353 -0.55083042383194
4.7491517066956 -0.077546611428261 -0.54950618743896
4.7565126419067 -0.07892607152462 -0.54800164699554
4.7638125419617 -0.080427564680576 -0.54636895656586
4.7710723876953 -0.082051120698452 -0.54455924034119
4.7782745361328 -0.08384869992733 -0.54259389638901
4.7854156494141 -0.085777372121811 -0.54050356149673
4.7924928665161 -0.087828308343887 -0.53823906183243
4.7994503974915 -0.090025573968887 -0.53581613302231
4.8063416481018 -0.092348076403141 -0.53326785564423
4.8131685256958 -0.09479246288538 -0.53054571151733
4.8199033737183 -0.097386501729488 -0.52769219875336
4.8265748023987 -0.10010276734829 -0.5246649980545
4.8331298828125 -0.10293781757355 -0.52148199081421
4.8396148681641 -0.10589799284935 -0.51817393302917
4.8459806442261 -0.10897741466761 -0.51471924781799
4.8522524833679 -0.11217570304871 -0.51110923290253
4.8584594726563 -0.11549900472164 -0.50734925270081
4.8645477294922 -0.11894142627716 -0.50346451997757
4.8705444335938 -0.12247555702925 -0.49943023920059
4.8764162063599 -0.12612843513489 -0.49524620175362
4.8821959495544 -0.12990042567253 -0.49093401432037
4.8878812789917 -0.13379779458046 -0.48647552728653
4.8934478759766 -0.13778327405453 -0.48189488053322
4.8989195823669 -0.1418911665678 -0.47716161608696
4.9042725563049 -0.1460629850626 -0.47230613231659
4.9095277786255 -0.15034773945808 -0.46732875704765
4.9146637916565 -0.15475434064865 -0.4622018635273
4.9197082519531 -0.15922839939594 -0.45692533254623
4.9246306419373 -0.16381515562534 -0.45155122876167
4.9294309616089 -0.16846619546413 -0.44603070616722
4.9341368675232 -0.17320561408997 -0.44041243195534
4.9387235641479 -0.17803660035133 -0.43465083837509
4.9431915283203 -0.18295609951019 -0.42879450321198
4.9475617408752 -0.18793973326683 -0.42281624674797
4.9518127441406 -0.19298435747623 -0.41671857237816
4.9559450149536 -0.1981114000082 -0.41049912571907
4.959979057312 -0.2033331990242 -0.40416085720062
4.9639253616333 -0.20861572027206 -0.39772480726242
4.9677519798279 -0.21395651996136 -0.39117553830147
4.9714570045471 -0.21936121582985 -0.38450133800507
4.9750671386719 -0.22482088208199 -0.37770840525627
4.9785585403442 -0.23034156858921 -0.37082052230835
4.9819579124451 -0.23592345416546 -0.36381363868713
4.9852724075317 -0.24160897731781 -0.35666963458061
4.9885039329529 -0.24739827215672 -0.34935456514359
4.9916749000549 -0.25322109460831 -0.34195417165756
4.9947509765625 -0.2590439915657 -0.33453208208084
4.9977722167969 -0.26479050517082 -0.32715925574303
5.0007386207581 -0.27049428224564 -0.31983187794685
5.0036773681641 -0.27613106369972 -0.31257486343384
5.0065641403198 -0.28163945674896 -0.3054187297821
5.0094480514526 -0.28704726696014 -0.29839345812798
5.0123047828674 -0.29232674837112 -0.2915056347847
5.0151338577271 -0.297447681427 -0.28477972745895
5.0179290771484 -0.30243426561356 -0.2782489657402
5.0207214355469 -0.3072347342968 -0.27193787693977
5.023455619812 -0.31181859970093 -0.2658526301384
5.0261812210083 -0.31623131036758 -0.25999316573143
5.0288510322571 -0.32040613889694 -0.25441157817841
5.0314574241638 -0.32436120510101 -0.249138250947
5.0340242385864 -0.32813015580177 -0.24414552748203
5.0365324020386 -0.33165818452835 -0.23940002918243
5.0390076637268 -0.33497527241707 -0.23495371639729
5.0413942337036 -0.33804842829704 -0.23078487813473
5.0437164306641 -0.34093225002289 -0.22689098119736
5.0460023880005 -0.34361469745636 -0.22328986227512
5.0482053756714 -0.34611710906029 -0.21992978453636
5.0503721237183 -0.34843662381172 -0.21681688725948
5.052481174469 -0.35058188438416 -0.21393924951553
5.0545320510864 -0.35255321860313 -0.21126580238342
5.0565214157104 -0.35433858633041 -0.20883043110371
5.0584807395935 -0.35600778460503 -0.20657216012478
5.0603852272034 -0.35753065347672 -0.20449694991112
5.0622529983521 -0.3589314520359 -0.20259568095207
5.0640959739685 -0.360191822052 -0.20086844265461
5.0658845901489 -0.36135447025299 -0.19929367303848
5.0676393508911 -0.36240729689598 -0.19783478975296
5.069363117218 -0.36333814263344 -0.19655624032021
5.071063041687 -0.36420780420303 -0.19539360702038
5.0727601051331 -0.3649585545063 -0.19435580074787
5.0744323730469 -0.36565113067627 -0.19343134760857
5.0761017799377 -0.36625242233276 -0.19260120391846
5.0777463912964 -0.36676797270775 -0.19185651838779
5.0793914794922 -0.367222905159 -0.19123101234436
5.0810117721558 -0.36761346459389 -0.19069682061672
5.0826568603516 -0.36791843175888 -0.19025446474552
5.0843110084534 -0.36815959215164 -0.18990337848663
5.0859894752502 -0.36834269762039 -0.18966835737228
5.0876770019531 -0.36845871806145 -0.18950365483761
5.089364528656 -0.36851957440376 -0.18945187330246
5.0910859107971 -0.36851650476456 -0.1895005106926
5.0928373336792 -0.36842185258865 -0.18964090943336
5.0946226119995 -0.36823880672455 -0.18986970186234
5.0964417457581 -0.36798560619354 -0.19022677838802
5.0982942581177 -0.36764359474182 -0.19067530333996
5.1002078056335 -0.36723473668098 -0.19125209748745
5.1021852493286 -0.36673101782799 -0.191953971982
5.1041994094849 -0.36613595485687 -0.19278104603291
5.1062746047974 -0.36544328927994 -0.19376373291016
5.1084170341492 -0.36462533473969 -0.19490809738636
5.1106748580933 -0.363685131073 -0.19623558223248
5.1130065917969 -0.36258655786514 -0.19772493839264
5.1154298782349 -0.36135962605476 -0.19940641522408
5.117919921875 -0.35997104644775 -0.20130747556686
5.1205291748047 -0.35842686891556 -0.20342841744423
5.1232361793518 -0.3566962480545 -0.20579661428928
5.1260619163513 -0.35477966070175 -0.20841801166534
5.1290102005005 -0.35267388820648 -0.21125933527946
5.1320252418518 -0.35035455226898 -0.21440258622169
5.1351561546326 -0.34784573316574 -0.21782350540161
5.1384034156799 -0.34512653946877 -0.22149468958378
5.1417479515076 -0.34222117066383 -0.22543755173683
5.1451783180237 -0.33910521864891 -0.22962130606174
5.1486940383911 -0.33580932021141 -0.23407383263111
5.1522736549377 -0.3323301076889 -0.23876452445984
5.1559357643127 -0.32867395877838 -0.24369598925114
5.1596555709839 -0.32484096288681 -0.24883519113064
5.1634340286255 -0.32082775235176 -0.25417873263359
5.1672425270081 -0.31666794419289 -0.25969940423965
5.1710786819458 -0.31238934397697 -0.26539382338524
5.1749696731567 -0.30796432495117 -0.27123495936394
5.1788940429688 -0.30342012643814 -0.27722546458244
5.1828827857971 -0.29872024059296 -0.28336861729622
5.1869077682495 -0.29389852285385 -0.28966435790062
5.1909942626953 -0.28900027275085 -0.29605767130852
5.1951079368591 -0.28405627608299 -0.30249699950218
5.1992831230164 -0.2790635228157 -0.30897885560989
5.2035217285156 -0.27404952049255 -0.31547901034355
5.2078218460083 -0.26901113986969 -0.32197326421738
5.212185382843 -0.26397550106049 -0.32840630412102
5.2166414260864 -0.2589738368988 -0.33482420444489
5.2211575508118 -0.25398087501526 -0.34120833873749
5.2257413864136 -0.24899117648602 -0.34752860665321
5.2303833961487 -0.24405959248543 -0.35378456115723
5.235116481781 -0.2391646951437 -0.35994616150856
5.2399110794067 -0.23430602252483 -0.36604049801826
5.2447690963745 -0.22950568795204 -0.3720463514328
5.2497162818909 -0.22473876178265 -0.37795457243919
5.2547578811646 -0.22003617882729 -0.38377118110657
5.2598605155945 -0.21539427340031 -0.38949304819107
5.2650270462036 -0.21081660687923 -0.39512053132057
5.2702789306641 -0.20630303025246 -0.40062600374222
5.2755951881409 -0.20187795162201 -0.40603667497635
5.2810029983521 -0.19752006232738 -0.41135594248772
5.2864713668823 -0.19322624802589 -0.41655018925667
5.2920289039612 -0.18904837965965 -0.42162221670151
5.2976531982422 -0.18494069576263 -0.42657205462456
5.3033599853516 -0.18092454969883 -0.43139672279358
5.3091340065002 -0.17700012028217 -0.436099588871
5.3149962425232 -0.17316995561123 -0.44067424535751
5.3209199905396 -0.16943162679672 -0.44512674212456
5.3269076347351 -0.16578793525696 -0.44942969083786
5.3329772949219 -0.16226609051228 -0.45360445976257
5.339111328125 -0.1588419675827 -0.4576573073864
5.3453063964844 -0.15553703904152 -0.46155434846878
5.3515625 -0.15235707163811 -0.46530196070671
5.3578767776489 -0.14927163720131 -0.46889072656631
5.364248752594 -0.14630846679211 -0.47232711315155
5.3706817626953 -0.14347027242184 -0.47561058402061
5.3771181106567 -0.14078493416309 -0.47873881459236
5.3836059570313 -0.13822437822819 -0.48168674111366
5.390154838562 -0.13578608632088 -0.48447626829147
5.3967347145081 -0.13350032269955 -0.48708528280258
5.4033417701721 -0.13137026131153 -0.48953586816788
5.4100036621094 -0.12939575314522 -0.4918033182621
5.4166688919067 -0.12754644453526 -0.49389088153839
5.4233336448669 -0.12584662437439 -0.49581959843636
5.4300203323364 -0.12430238723755 -0.49756816029549
5.4367370605469 -0.12291070818901 -0.49913063645363
5.4434509277344 -0.12169934809208 -0.50053757429123
5.4501647949219 -0.12064658105373 -0.50176435709
5.4568481445313 -0.11971873790026 -0.50280809402466
5.4635252952576 -0.11896803230047 -0.50366866588593
5.470196723938 -0.11837299913168 -0.50434303283691
5.4768400192261 -0.11795797944069 -0.50480997562408
5.4834504127502 -0.11767423152924 -0.50511837005615
5.4900574684143 -0.11756435036659 -0.50524336099625
5.4966034889221 -0.11761321127415 -0.5051885843277
5.5031127929688 -0.11783915758133 -0.50494730472565
5.5096163749695 -0.11822659522295 -0.50449287891388
5.5162811279297 -0.11880653351545 -0.50383669137955
5.5231385231018 -0.11956337839365 -0.50297600030899
5.5301055908203 -0.12049428373575 -0.50194150209427
5.5371732711792 -0.12153793126345 -0.50073903799057
5.5443515777588 -0.12272524833679 -0.49939331412315
5.5515837669373 -0.12399783730507 -0.49792537093163
5.5588684082031 -0.12538647651672 -0.49634754657745
5.5661745071411 -0.12689097225666 -0.49465084075928
5.5734801292419 -0.12845960259438 -0.49286270141602
5.5808072090149 -0.13008613884449 -0.49098882079124
5.5881624221802 -0.13182274997234 -0.4890264570713
5.5954866409302 -0.13362637162209 -0.48697572946548
5.6028046607971 -0.13548794388771 -0.48483645915985
5.6101226806641 -0.1374105066061 -0.48263314366341
5.6174345016479 -0.13939125835896 -0.48036879301071
5.6247224807739 -0.14142975211143 -0.47804647684097
5.6319732666016 -0.14350508153439 -0.4756355881691
5.6391968727112 -0.14563527703285 -0.47316056489944
5.6463866233826 -0.14782646298409 -0.47062754631042
5.6535706520081 -0.15007562935352 -0.46803379058838
5.6606993675232 -0.15236142277718 -0.46537852287292
