0 -3.1834813398746e-006 -1.1034749149985e-006
-4.168930445303e-008 -2.914061951742e-006 -9.7664553777577e-007
0.0077666947618127 0.0083343433216214 -0.016323843970895
0.022488407790661 0.022915124893188 -0.04508875310421
0.043640188872814 0.041913844645023 -0.083168089389801
0.070761196315289 0.063771359622478 -0.12802244722843
0.10354305803776 0.087117493152618 -0.17753115296364
0.14180918037891 0.11074091494083 -0.22994536161423
0.18537592887878 0.13349415361881 -0.28387656807899
0.23425602912903 0.15417221188545 -0.33778944611549
0.28864434361458 0.17145311832428 -0.39015528559685
0.348388671875 0.18402835726738 -0.43951228260994
0.41083073616028 0.19068032503128 -0.48440757393837
0.47364604473114 0.19036169350147 -0.52342510223389
0.53645122051239 0.1823466271162 -0.55515486001968
0.59925663471222 0.1663813740015 -0.57823580503464
0.66206169128418 0.14282964169979 -0.59160286188126
0.72486692667007 0.11260376125574 -0.59446561336517
0.78767204284668 0.077049478888512 -0.58644878864288
0.85047709941864 0.03663045912981 -0.56709748506546
0.91328227519989 -0.007304547354579 -0.53828603029251
0.97607105970383 -0.053363282233477 -0.50200647115707
1.0367339849472 -0.10013645887375 -0.46045354008675
1.094616651535 -0.1458502560854 -0.41634318232536
1.1491760015488 -0.18858480453491 -0.37286749482155
1.2019835710526 -0.22727540135384 -0.33200150728226
1.2547546625137 -0.26172381639481 -0.29448017477989
1.308053612709 -0.29210710525513 -0.26057207584381
1.3619629144669 -0.31890466809273 -0.22994761168957
1.4163634777069 -0.34275087714195 -0.20201823115349
1.471081495285 -0.36437258124352 -0.17604790627956
1.5259064435959 -0.38445934653282 -0.15123412013054
1.5797911882401 -0.40260797739029 -0.12838883697987
1.6321563720703 -0.41758224368095 -0.10947076976299
1.6822783946991 -0.42817321419716 -0.096369065344334
1.7298278808594 -0.43336191773415 -0.090731672942638
1.7748870849609 -0.43211677670479 -0.09398090839386
1.8176971673965 -0.42346134781837 -0.10748693346977
1.8582916259766 -0.40683138370514 -0.13164347410202
1.8967102766037 -0.38237982988358 -0.16577342152596
1.9332946538925 -0.35073244571686 -0.20843282341957
1.9697631597519 -0.31363922357559 -0.25682419538498
2.0080382823944 -0.27301001548767 -0.30813002586365
2.0498931407928 -0.23101177811623 -0.35960128903389
2.0966370105743 -0.19010998308659 -0.40846362709999
2.1488435268402 -0.15293489396572 -0.45213806629181
2.2061676979065 -0.12201006710529 -0.48826289176941
2.2666656970978 -0.099563002586365 -0.51485705375671
2.3284118175507 -0.087147086858749 -0.53040373325348
2.3909089565277 -0.083797954022884 -0.53584843873978
2.453714132309 -0.086295917630196 -0.5345333814621
2.5164031982422 -0.091631561517715 -0.52978146076202
2.5786867141724 -0.097222805023193 -0.52445578575134
2.6405944824219 -0.1010560169816 -0.52091830968857
2.7024414539337 -0.10143721848726 -0.52112197875977
2.7646210193634 -0.097093746066093 -0.52639800310135
2.8274364471436 -0.087818458676338 -0.53688043355942
2.8902416229248 -0.075692914426327 -0.55015254020691
2.9530467987061 -0.062679581344128 -0.56416004896164
3.0158519744873 -0.050625219941139 -0.57701122760773
3.0786571502686 -0.041225731372833 -0.58706110715866
3.1414623260498 -0.035614151507616 -0.59314978122711
3.2042675018311 -0.031607512384653 -0.59753215312958
3.2670726776123 -0.026853024959564 -0.60262537002563
3.3298778533936 -0.019314650446177 -0.61040675640106
3.3926830291748 -0.0074273995123804 -0.62234801054001
3.4554882049561 0.0096570774912834 -0.63898265361786
3.5182933807373 0.030705880373716 -0.65890455245972
3.5810985565186 0.051348313689232 -0.67810028791428
3.6439037322998 0.067592620849609 -0.69317948818207
3.7067089080811 0.076576516032219 -0.70174968242645
3.7695140838623 0.076505154371262 -0.7020583152771
3.8323192596436 0.065984182059765 -0.69236958026886
3.8951244354248 0.049198158085346 -0.67626857757568
3.9579296112061 0.030166234821081 -0.65760070085526
4.0207347869873 0.01124760042876 -0.63876485824585
4.0835399627686 -0.005861084908247 -0.62158924341202
4.1463451385498 -0.019822778180242 -0.60759943723679
4.2091503143311 -0.029869010671973 -0.59764122962952
4.2719554901123 -0.03730571642518 -0.59034138917923
4.3347606658936 -0.045350130647421 -0.58221179246902
4.3975658416748 -0.056550461798906 -0.57045388221741
4.4603710174561 -0.072637222707272 -0.55296176671982
4.5231761932373 -0.094583608210087 -0.52825528383255
4.5859813690186 -0.12271960824728 -0.49550753831863
4.6487865447998 -0.15641619265079 -0.45498076081276
4.7115917205811 -0.19122637808323 -0.4121341407299
4.7743968963623 -0.22294761240482 -0.37269881367683
4.8329925537109 -0.24999266862869 -0.33891543745995
4.8836488723755 -0.27197027206421 -0.311488956213
4.9288053512573 -0.28818878531456 -0.29142943024635
4.9714841842651 -0.29644754528999 -0.281803637743
5.0135469436646 -0.29474148154259 -0.28510791063309
5.0560455322266 -0.2836786210537 -0.30020415782928
5.1003174781799 -0.26603704690933 -0.32310706377029
5.1475005149841 -0.24467624723911 -0.35011795163155
5.1981720924377 -0.2225291877985 -0.37756276130676
5.2520937919617 -0.20259545743465 -0.40203243494034
5.3085265159607 -0.18764895200729 -0.42048725485802
5.3683714866638 -0.17891934514046 -0.43152612447739
