0 -3.1834813398746e-006 -1.1034749149985e-006
-4.168930445303e-008 -2.914061951742e-006 -9.7664553777577e-007
0.0068510677665472 0.0076860580593348 -0.01492350269109
0.013266000896692 0.01460244692862 -0.028411945328116
0.022598149254918 0.024173825979233 -0.047195218503475
0.034414757043123 0.035783711820841 -0.07007996737957
0.04846803471446 0.048873286694288 -0.096101984381676
0.064517192542553 0.06297592818737 -0.12449248880148
0.082376211881638 0.077774003148079 -0.15456435084343
0.10190438479185 0.092889614403248 -0.18581448495388
0.12300410866737 0.10808723419905 -0.21781204640865
0.14558707177639 0.12311387062073 -0.25016379356384
0.1696045845747 0.13777147233486 -0.28262236714363
0.19500422477722 0.15186107158661 -0.31497123837471
0.22173146903515 0.1652550548315 -0.34698414802551
0.24975590407848 0.17778542637825 -0.37852114439011
0.27908623218536 0.18928708136082 -0.40934720635414
0.30975961685181 0.19956511259079 -0.43923932313919
0.34182131290436 0.20841501653194 -0.46800529956818
0.37529289722443 0.21565029025078 -0.49545615911484
0.41016235947609 0.22109444439411 -0.52141749858856
0.44635316729546 0.22461868822575 -0.54570651054382
0.4838165640831 0.22600066661835 -0.56814336776733
0.52244251966476 0.22513975203037 -0.5885443687439
0.56203925609589 0.22188028693199 -0.60669642686844
0.60245054960251 0.21616074442863 -0.62247109413147
0.64339900016785 0.20791754126549 -0.63569134473801
0.68467402458191 0.19713819026947 -0.64618027210236
0.72593373060226 0.18390546739101 -0.65378850698471
0.76685786247253 0.16828614473343 -0.6583691239357
0.80713796615601 0.15042075514793 -0.6598157286644
0.84643858671188 0.13057178258896 -0.65807950496674
0.88442987203598 0.1089526489377 -0.65309005975723
0.9208465218544 0.085847407579422 -0.64483201503754
0.95540767908096 0.061542898416519 -0.63334810733795
0.98794233798981 0.036368634551764 -0.61869674921036
1.0185027122498 0.010266439989209 -0.60065168142319
1.0473753213882 -0.016714546829462 -0.57949095964432
1.0747864246368 -0.044232781976461 -0.55578821897507
1.1009521484375 -0.072056010365486 -0.52999484539032
1.1260466575623 -0.099955596029758 -0.50257194042206
1.1502259969711 -0.12772105634212 -0.47391000390053
1.1737121343613 -0.1551415771246 -0.44440251588821
1.1966034173965 -0.18199455738068 -0.41448345780373
1.2190307378769 -0.20798975229263 -0.38463440537453
1.2410675287247 -0.23281010985374 -0.35536813735962
1.2627593278885 -0.25619286298752 -0.32724624872208
1.2841522693634 -0.27782392501831 -0.30074799060822
1.3052489757538 -0.29748013615608 -0.2763429582119
1.3269134759903 -0.31545212864876 -0.25371417403221
1.3492339849472 -0.33174842596054 -0.23295305669308
1.3723754882813 -0.34644550085068 -0.21397417783737
1.3963196277618 -0.3596687912941 -0.19671955704689
1.4210265874863 -0.37158572673798 -0.18101215362549
1.4463592767715 -0.3823644220829 -0.16668400168419
1.4722259044647 -0.39215752482414 -0.15353719890118
1.4985564947128 -0.40114498138428 -0.14136375486851
1.5252410173416 -0.40950974822044 -0.12994384765625
1.5521912574768 -0.41739848256111 -0.11909807473421
1.5793212652206 -0.42493337392807 -0.10862454026937
1.6065734624863 -0.43225160241127 -0.098343081772327
1.6338866949081 -0.43950280547142 -0.088107608258724
1.6609466075897 -0.44659218192101 -0.078027583658695
1.6875641345978 -0.45319920778275 -0.068594753742218
1.7136474847794 -0.45903393626213 -0.060251213610172
1.7390594482422 -0.46380960941315 -0.053402949124575
1.7637085914612 -0.46728214621544 -0.048465147614479
1.7874664068222 -0.46924367547035 -0.045724257826805
1.8103179931641 -0.46951445937157 -0.045421838760376
1.8322601318359 -0.46794199943542 -0.047789793461561
1.8533782958984 -0.46440380811691 -0.053050652146339
1.8737182617188 -0.45871421694756 -0.061381701380014
1.8934203386307 -0.45070227980614 -0.072962671518326
1.9125152826309 -0.44030356407166 -0.087927877902985
1.9310486316681 -0.42741486430168 -0.10624737292528
1.9490325450897 -0.41209670901299 -0.12783201038837
1.9664429426193 -0.39445033669472 -0.1524041891098
1.9833008050919 -0.37459155917168 -0.17963773012161
1.99964594841 -0.3527674973011 -0.20914186537266
2.0155882835388 -0.32905778288841 -0.24066336452961
2.0315520763397 -0.30399608612061 -0.27342075109482
2.0479552745819 -0.2779398560524 -0.30680996179581
2.0651550292969 -0.25132858753204 -0.34033954143524
2.0834898948669 -0.22449150681496 -0.37349393963814
2.1032807826996 -0.19780707359314 -0.40584868192673
2.1247742176056 -0.17166288197041 -0.4369370341301
2.1481628417969 -0.14647416770458 -0.46638989448547
2.1735596656799 -0.12264324724674 -0.49377027153969
2.2009825706482 -0.10060095787048 -0.51871860027313
2.2303893566132 -0.080740571022034 -0.54090511798859
2.2616209983826 -0.063474342226982 -0.56002455949783
2.2944457530975 -0.04915002733469 -0.57581466436386
2.3285310268402 -0.038075868040323 -0.58808594942093
2.3635375499725 -0.030443960800767 -0.59664338827133
2.3990235328674 -0.026446651667356 -0.60139220952988
2.4345765113831 -0.026114715263247 -0.60223764181137
2.470223903656 -0.029478611424565 -0.59915244579315
2.5055937767029 -0.035564318299294 -0.59307050704956
2.5406007766724 -0.043511476367712 -0.58489173650742
2.5751037597656 -0.052615251392126 -0.57538259029388
2.6090362071991 -0.062140021473169 -0.56524753570557
2.6423218250275 -0.071533501148224 -0.55517077445984
2.6749176979065 -0.080334737896919 -0.54571628570557
2.7068176269531 -0.088101543486118 -0.53730571269989
2.7381193637848 -0.094586387276649 -0.53028351068497
2.7689697742462 -0.099496237933636 -0.52498555183411
2.7995452880859 -0.1026301831007 -0.52163457870483
2.8300719261169 -0.10384742170572 -0.52042305469513
2.8607513904572 -0.10299238562584 -0.52147257328033
2.891720533371 -0.10002259910107 -0.52489668130875
2.9233276844025 -0.094818979501724 -0.53070092201233
2.9561066627502 -0.087677292525768 -0.53853470087051
2.9900908470154 -0.079254187643528 -0.54769587516785
3.0265960693359 -0.070092536509037 -0.55754697322845
3.0641143321991 -0.060693055391312 -0.56758111715317
3.1026093959808 -0.051464520394802 -0.5773498415947
3.1420319080353 -0.042748849838972 -0.58651143312454
3.1823363304138 -0.034914869815111 -0.5947054028511
3.2234101295471 -0.028198288753629 -0.60166335105896
3.2651124000549 -0.022909676656127 -0.60716569423676
3.307247877121 -0.019260132685304 -0.61100190877914
3.3495910167694 -0.017417017370462 -0.61292165517807
3.3903472423553 -0.016791813075542 -0.61361747980118
3.4295411109924 -0.016611825674772 -0.61384624242783
3.4673430919647 -0.016297537833452 -0.61421549320221
3.5040466785431 -0.01536356844008 -0.61521035432816
3.5399506092072 -0.013382745906711 -0.61723059415817
3.5753691196442 -0.010074490681291 -0.62062388658524
3.6106231212616 -0.0050783287733793 -0.62566518783569
3.6459412574768 0.0017823970410973 -0.63246756792068
3.6815338134766 0.010596135631204 -0.6411252617836
3.7175688743591 0.021424179896712 -0.65156221389771
3.7542543411255 0.034199178218842 -0.66372334957123
3.7917082309723 0.048307802528143 -0.67693746089935
3.8300995826721 0.062635935842991 -0.69017004966736
3.8693664073944 0.076194897294044 -0.70256334543228
3.9092345237732 0.088142298161983 -0.71341234445572
3.9492430686951 0.097715340554714 -0.72210085391998
3.9888091087341 0.10444102436304 -0.72821056842804
4.0274138450623 0.10795323550701 -0.73146688938141
4.0645751953125 0.10804434120655 -0.73170202970505
4.0999422073364 0.10460128635168 -0.72872346639633
4.1331758499146 0.097581826150417 -0.72241562604904
4.1640195846558 0.0869335308671 -0.71265929937363
4.1925139427185 0.072717823088169 -0.69930505752563
4.2188234329224 0.056891154497862 -0.68422329425812
4.2434539794922 0.040576204657555 -0.6684518456459
4.2668914794922 0.024532755836844 -0.65274447202682
4.2894959449768 0.0092372801154852 -0.63760769367218
4.311767578125 -0.0049656913615763 -0.62340176105499
4.3342132568359 -0.017911041155457 -0.61037385463715
4.3573427200317 -0.029400661587715 -0.59873116016388
4.3816862106323 -0.039291422814131 -0.58864825963974
4.4076170921326 -0.047469865530729 -0.5803536772728
4.4353485107422 -0.053817369043827 -0.57391434907913
4.4648895263672 -0.058376304805279 -0.56932735443115
4.4961853027344 -0.061278313398361 -0.56648921966553
4.5290131568909 -0.063075587153435 -0.56477093696594
4.5629577636719 -0.064653411507607 -0.56324225664139
4.5976839065552 -0.066753044724464 -0.56113636493683
4.6328125 -0.069923982024193 -0.55781322717667
4.6679048538208 -0.074620954692364 -0.55275666713715
4.7025880813599 -0.081179670989513 -0.54559123516083
4.7364807128906 -0.089828729629517 -0.53602713346481
4.7692260742188 -0.10070284456015 -0.52385985851288
4.8004884719849 -0.11382299661636 -0.50892186164856
4.8300385475159 -0.12916177511215 -0.49116975069046
4.8576626777649 -0.14666111767292 -0.47060436010361
4.8832306861877 -0.16620840132236 -0.44724640250206
4.9067320823669 -0.18771812319756 -0.42102593183517
4.9284148216248 -0.21021939814091 -0.39314526319504
4.9485354423523 -0.23260451853275 -0.36503279209137
4.9672088623047 -0.25378707051277 -0.33812859654427
4.9843721389771 -0.27297043800354 -0.31361675262451
5.0000214576721 -0.2898006439209 -0.29200422763824
5.0142884254456 -0.30422908067703 -0.27338233590126
5.0273408889771 -0.31635326147079 -0.25767469406128
5.0394716262817 -0.32631674408913 -0.24473515152931
5.0509490966797 -0.33422023057938 -0.2344719171524
5.0622038841248 -0.3400699198246 -0.22697646915913
5.0736112594604 -0.34360307455063 -0.22251768410206
5.085684299469 -0.34445676207542 -0.22164461016655
5.0988583564758 -0.34206920862198 -0.2251233458519
5.1132202148438 -0.33615654706955 -0.23325285315514
5.1286954879761 -0.32680171728134 -0.24583479762077
5.1453185081482 -0.31427600979805 -0.26247563958168
5.1631803512573 -0.29935827851295 -0.28196686506271
5.1824188232422 -0.28279262781143 -0.30333811044693
5.203115940094 -0.26522025465965 -0.32573169469833
5.2254028320313 -0.24719639122486 -0.3484063744545
5.2492980957031 -0.22931601107121 -0.37063530087471
5.2748017311096 -0.21209220588207 -0.39179638028145
5.3017854690552 -0.19608907401562 -0.41130954027176
5.3300843238831 -0.18175528943539 -0.42864671349525
5.3594083786011 -0.1695793569088 -0.44332897663116
5.389395236969 -0.15990597009659 -0.45498970150948
5.4202027320862 -0.15311633050442 -0.46326640248299
5.4523315429688 -0.1491711139679 -0.46813425421715
5.4854307174683 -0.14782898128033 -0.46995329856873
