0 -2.8740334983013e-006 -8.9558386662247e-007
-3.5828520594805e-008 1.3600117654278e-007 -9.7234396889689e-007
0.25246897339821 0.18750888109207 -0.39396989345551
0.63475948572159 0.23023365437984 -0.65772718191147
1.0514068603516 0.010100530460477 -0.62491184473038
1.2875915765762 -0.28635311126709 -0.29824948310852
1.5325133800507 -0.42051365971565 -0.11606356501579
1.816641330719 -0.48157441616058 -0.027560021728277
2.0121643543243 -0.36718279123306 -0.1910659968853
2.2078461647034 -0.072495482861996 -0.55540186166763
2.5901093482971 -0.030445149168372 -0.59946608543396
2.916867017746 -0.11469880491495 -0.50827085971832
3.3134064674377 -0.0072364578954875 -0.62375211715698
3.7092804908752 0.0015098522417247 -0.63206201791763
4.1188325881958 0.13425272703171 -0.75560909509659
4.3744506835938 -0.046473298221827 -0.58201634883881
4.7067384719849 -0.070566900074482 -0.55720853805542
4.9962401390076 -0.26194170117378 -0.33095192909241
5.1090455055237 -0.36140292882919 -0.19945847988129
5.3336243629456 -0.16572141647339 -0.45036688446999
