0 -2.8740334983013e-006 -8.9558386662247e-007
-3.5828520594805e-008 1.3600117654278e-007 -9.7234396889689e-007
0.37102666497231 0.22495119273663 -0.50537723302841
0.94467163085938 0.092983447015285 -0.67120689153671
1.3011139631271 -0.3000710606575 -0.27888628840446
1.6573150157928 -0.4449128806591 -0.080907426774502
1.9736449718475 -0.41492846608162 -0.12421774119139
2.2536377906799 -0.04439165815711 -0.58491241931915
2.7595579624176 -0.10535424947739 -0.5183812379837
3.2456085681915 -0.015595275908709 -0.61472201347351
3.7827117443085 0.030291153118014 -0.66004657745361
4.2876925468445 0.0371851362288 -0.66660785675049
4.6761198043823 -0.066605798900127 -0.56100803613663
5.0353088378906 -0.33088511228561 -0.24024799466133
5.2309174537659 -0.24258686602116 -0.35645541548729
