0 -3.0635146686109e-006 -1.0503262046768e-006
-3.672346338135e-008 -2.8806662157876e-006 -1.0512662811379e-006
0.072259604930878 0.068696372210979 -0.13637967407703
0.18680416047573 0.14689818024635 -0.30393925309181
0.33550420403481 0.20694099366665 -0.46288737654686
0.51936340332031 0.2259463518858 -0.58794289827347
0.7274444103241 0.18448041379452 -0.65567088127136
0.92684322595596 0.083306789398193 -0.64551168680191
1.0813933610916 -0.050279509276152 -0.55075824260712
1.2042082548141 -0.19085797667503 -0.40425011515617
1.3146483898163 -0.30595642328262 -0.26513969898224
1.4347594976425 -0.37706238031387 -0.17324802279472
1.5700896978378 -0.42133393883705 -0.11321993917227
1.7081024646759 -0.45770218968391 -0.061694212257862
1.8299071788788 -0.46889781951904 -0.04593163728714
1.9306489229202 -0.42920917272568 -0.10342536121607
2.0167450904846 -0.3284113407135 -0.24151906371117
2.1055970191956 -0.19315853714943 -0.41144636273384
2.2378478050232 -0.074387706816196 -0.54771077632904
2.412976026535 -0.023879807442427 -0.60393393039703
2.5918822288513 -0.057771779596806 -0.56948322057724
2.7561063766479 -0.098559163510799 -0.52533042430878
2.9126586914063 -0.097596794366837 -0.52711230516434
3.0952117443085 -0.05229489505291 -0.57596445083618
3.3029143810272 -0.017846696078777 -0.61190527677536
3.5036041736603 -0.016098916530609 -0.6139223575592
3.6840758323669 0.010461271740496 -0.64059174060822
3.8763976097107 0.081083133816719 -0.70672595500946
4.0765409469604 0.11015643924475 -0.7333619594574
4.2294282913208 0.04906439781189 -0.6764897108078
4.3445191383362 -0.024587659165263 -0.60308301448822
4.4825835227966 -0.060545884072781 -0.56658685207367
4.6584138870239 -0.070768855512142 -0.55643075704575
4.826171875 -0.12388945370913 -0.49698278307915
4.9472379684448 -0.23124139010906 -0.3663746714592
5.0277376174927 -0.31660601496696 -0.25672248005867
5.0858888626099 -0.34540057182312 -0.21982611715794
5.1663784980774 -0.2954543530941 -0.28682914376259
5.2827334403992 -0.20519654452801 -0.39994791150093
