0 -3.0635146686109e-006 -1.0503262046768e-006
-3.672346338135e-008 -2.8806662157876e-006 -1.0512662811379e-006
0.03893418982625 0.040557477623224 -0.079327404499054
0.096438519656658 0.091599114239216 -0.18165263533592
0.16609807312489 0.14116291701794 -0.28609594702721
0.24606010317802 0.18400640785694 -0.38525983691216
0.33594363927841 0.21708437800407 -0.47624489665031
0.43687745928764 0.23650540411472 -0.55530089139938
0.54913032054901 0.23794247210026 -0.61846625804901
0.66990053653717 0.21801707148552 -0.66171586513519
0.79309374094009 0.17541401088238 -0.6808934211731
0.91032403707504 0.11266011744738 -0.67266595363617
1.0130369663239 0.036420442163944 -0.63574278354645
1.095510840416 -0.045108072459698 -0.57143044471741
1.1645691394806 -0.13031117618084 -0.48412293195724
1.2271393537521 -0.21215122938156 -0.38941511511803
1.2873687744141 -0.28516557812691 -0.29829314351082
1.3463745117188 -0.34174254536629 -0.22419974207878
1.4106507301331 -0.3808020055294 -0.17135563492775
1.4843292236328 -0.40776753425598 -0.13394400477409
1.5629669427872 -0.42789083719254 -0.10552000254393
1.64320063591 -0.44579571485519 -0.0798364803195
1.7227509021759 -0.46443027257919 -0.052740048617125
1.7959808111191 -0.47746425867081 -0.03362089022994
1.8606567382813 -0.47630989551544 -0.035381410270929
1.9170807600021 -0.45678335428238 -0.063920825719833
1.9683563709259 -0.4156069457531 -0.12291983515024
2.0155303478241 -0.35289144515991 -0.20982106029987
2.0588867664337 -0.27395635843277 -0.3140869140625
2.1075713634491 -0.18952579796314 -0.41905501484871
2.1718566417694 -0.11021661013365 -0.51137679815292
2.2560424804688 -0.046245906502008 -0.58146971464157
2.357311964035 -0.0080077182501554 -0.62168574333191
2.4661958217621 -0.0026739381719381 -0.62754553556442
2.5719695091248 -0.030949572101235 -0.59852647781372
2.6711821556091 -0.070369623601437 -0.55658626556396
2.7629973888397 -0.10078350454569 -0.52341997623444
2.8492126464844 -0.11371648311615 -0.50926274061203
2.9359467029572 -0.10627263039351 -0.51784098148346
3.0301361083984 -0.078131504356861 -0.54877024888992
3.1422941684723 -0.043857011944056 -0.5852997303009
3.2622590065002 -0.017532667145133 -0.61261922121048
3.3872590065002 -0.0063848961144686 -0.62406027317047
3.5054473876953 -0.01134442165494 -0.61908608675003
3.6068663597107 -0.011060350574553 -0.61940330266953
3.704962015152 0.0060482323169708 -0.63657540082932
3.8080413341522 0.043484747409821 -0.67277812957764
3.920175075531 0.093036487698555 -0.71834695339203
4.0389924049377 0.12374305725098 -0.74557793140411
4.1481232643127 0.1200497969985 -0.74245601892471
4.2353849411011 0.081312991678715 -0.70738852024078
4.2999143600464 0.01932474412024 -0.64795285463333
4.3570313453674 -0.029997777193785 -0.59863346815109
4.4209775924683 -0.061244670301676 -0.5664130449295
4.5040192604065 -0.074037238955498 -0.5531377196312
4.6049776077271 -0.072019569575787 -0.55556690692902
4.7118315696716 -0.077052183449268 -0.55012255907059
4.812481880188 -0.10327675938606 -0.5210394859314
4.8973875045776 -0.15243244171143 -0.46434134244919
4.9617490768433 -0.22051268815994 -0.38167890906334
5.0103025436401 -0.29223343729973 -0.29001992940903
5.0472044944763 -0.33736890554428 -0.23072731494904
5.0754728317261 -0.35778120160103 -0.20364873111248
5.1043825149536 -0.35924831032753 -0.20195773243904
5.1461977958679 -0.33206468820572 -0.23888944089413
5.2004942893982 -0.2758951485157 -0.31250953674316
5.268545627594 -0.21357446908951 -0.39086019992828
5.3511991500854 -0.16164273023605 -0.45358601212502
5.4432859420776 -0.13244107365608 -0.48804357647896
5.5415191650391 -0.13261280953884 -0.48808032274246
