0 -3.0635146686109e-006 -1.0503262046768e-006
-3.672346338135e-008 -2.8806662157876e-006 -1.0512662811379e-006
0.029751727357507 0.031828999519348 -0.061975330114365
0.072842471301556 0.072812058031559 -0.14303581416607
0.12379164993763 0.11412093788385 -0.22724302113056
0.18101501464844 0.15219765901566 -0.30890491604805
0.26623225212097 0.19750060141087 -0.41350099444389
0.32088008522987 0.21691004931927 -0.46760559082031
0.39091503620148 0.23366731405258 -0.5267089009285
0.47130131721497 0.24256594479084 -0.58125293254852
0.55963444709778 0.24050886929035 -0.62691956758499
0.65350037813187 0.22548474371433 -0.66089183092117
0.74983823299408 0.19658431410789 -0.68087780475616
0.84472668170929 0.15431725978851 -0.68496429920197
0.93385934829712 0.10092311352491 -0.67188763618469
1.0132079124451 0.040085878223181 -0.64133965969086
1.079959154129 -0.023888418450952 -0.59414756298065
1.1355072259903 -0.089898727834225 -0.53044837713242
1.1854676008224 -0.1560036689043 -0.45770996809006
1.2326384782791 -0.21925203502178 -0.38255479931831
1.2788116931915 -0.27706226706505 -0.30992326140404
1.3246581554413 -0.32590022683144 -0.24605306982994
1.3697754144669 -0.36213693022728 -0.19729822874069
1.4215027093887 -0.38911777734756 -0.16023480892181
1.4791717529297 -0.40901815891266 -0.13244247436523
1.5614471435547 -0.43020632863045 -0.10251669585705
1.6099700927734 -0.44019514322281 -0.088259093463421
1.6677124500275 -0.45223170518875 -0.070772737264633
1.7279448509216 -0.46616345643997 -0.050423685461283
1.7849793434143 -0.47763812541962 -0.033636078238487
1.8373444080353 -0.48125725984573 -0.028402229771018
1.8840392827988 -0.47422513365746 -0.038759637624025
1.9261840581894 -0.45523598790169 -0.066402077674866
1.9655059576035 -0.42284336686134 -0.11293479055166
2.0025725364685 -0.37680006027222 -0.17754910886288
2.0371520519257 -0.31952360272408 -0.25526168942451
2.0701415538788 -0.25419974327087 -0.34009718894958
2.1078612804413 -0.18730472028255 -0.42272967100143
2.1553556919098 -0.12378832697868 -0.4970640540123
2.2152283191681 -0.068197458982468 -0.55875545740128
2.2874360084534 -0.025570688769221 -0.60397660732269
2.3690550327301 -0.00058929808437824 -0.6296723484993
2.4549043178558 0.0036400719545782 -0.63410967588425
2.5387053489685 -0.013306953012943 -0.61695897579193
2.6187744140625 -0.045982722193003 -0.58293515443802
2.694091796875 -0.078444518148899 -0.54813295602798
2.7647216320038 -0.10273649543524 -0.5215522646904
2.8314545154572 -0.11541032791138 -0.50755673646927
2.8971953392029 -0.11546180397272 -0.50757193565369
2.9653565883636 -0.10253412276506 -0.52207070589066
3.0395050048828 -0.077161304652691 -0.5498720407486
3.1271941661835 -0.048425558954477 -0.58056032657623
3.2191894054413 -0.024228291586041 -0.60577702522278
3.3151886463165 -0.0084995673969388 -0.62185996770859
3.4131469726563 -0.0036475181113929 -0.62678861618042
3.5061736106873 -0.0095957247540355 -0.6208256483078
3.5855317115784 -0.012921997345984 -0.61751139163971
3.6602294445038 -0.0065130870789289 -0.62404501438141
3.7362732887268 0.012579052709043 -0.64306664466858
3.8166046142578 0.04453444853425 -0.67389208078384
3.90283203125 0.085632674396038 -0.71185594797134
3.9951446056366 0.11850013583899 -0.74106425046921
4.0869722366333 0.13128055632114 -0.75218206644058
4.1690001487732 0.1208705753088 -0.74310618638992
4.236337184906 0.088756419718266 -0.71431916952133
4.2880797386169 0.037473917007446 -0.66597956418991
4.3313050270081 -0.0091510210186243 -0.62013000249863
4.3743896484375 -0.043263599276543 -0.58536440134048
4.4240355491638 -0.065501496195793 -0.56212824583054
4.4863705635071 -0.07626186311245 -0.55080622434616
4.5614075660706 -0.076429575681686 -0.55080616474152
4.6446318626404 -0.072459079325199 -0.55519157648087
4.7286958694458 -0.077867090702057 -0.54933220148087
4.807843208313 -0.097871877253056 -0.52724671363831
4.8774290084839 -0.13281817734241 -0.4875679910183
4.9346437454224 -0.18067674338818 -0.43108642101288
4.9787964820862 -0.23884461820126 -0.3593156337738
5.0142884254456 -0.2960384786129 -0.28575649857521
5.0433225631714 -0.33518034219742 -0.23413893580437
5.0660185813904 -0.35584634542465 -0.20648384094238
5.0859680175781 -0.36401256918907 -0.19551265239716
5.1085233688354 -0.36105778813362 -0.19968414306641
5.1401915550232 -0.34038409590721 -0.2278391122818
5.1804933547974 -0.29927855730057 -0.28245922923088
5.2283387184143 -0.24827674031258 -0.34801977872849
5.2850527763367 -0.19903942942619 -0.40902742743492
5.3506712913513 -0.15850900113583 -0.45760223269463
5.422616481781 -0.13225190341473 -0.48837006092072
5.495614528656 -0.12408286333084 -0.49794048070908
