0 -3.0635146686109e-006 -1.0503262046768e-006
-3.672346338135e-008 -2.8806662157876e-006 -1.0512662811379e-006
0.056228540837765 0.055814281105995 -0.11000050604343
0.14252023398876 0.12276459485292 -0.24837005138397
0.2511505484581 0.18185855448246 -0.38485988974571
0.38059371709824 0.22222052514553 -0.5069580078125
0.53247672319412 0.23203137516975 -0.60254538059235
0.70051884651184 0.20155537128448 -0.66016882658005
0.86780101060867 0.12930701673031 -0.66891235113144
1.0120270252228 0.027899038046598 -0.62277001142502
1.1227020025253 -0.086387470364571 -0.52377158403397
1.2157714366913 -0.20047929883003 -0.39878723025322
1.3022369146347 -0.29788056015968 -0.27907663583755
1.3903685808182 -0.36339589953423 -0.19361834228039
1.4934326410294 -0.40483242273331 -0.13744150102139
1.6039245128632 -0.43434002995491 -0.09614522010088
1.7148529291153 -0.46165069937706 -0.056869328022003
1.8148132562637 -0.47503527998924 -0.03748732060194
1.8990265130997 -0.45806515216827 -0.062395144253969
1.9724487066269 -0.40096375346184 -0.14361961185932
2.0370819568634 -0.30592915415764 -0.27191156148911
2.1064879894257 -0.1926590949297 -0.41374778747559
2.2049255371094 -0.089338786900043 -0.53300148248672
2.3376402854919 -0.023973926901817 -0.60411369800568
2.4858734607697 -0.018082475289702 -0.61159092187881
2.6285462379456 -0.06083607301116 -0.56672745943069
2.7591094970703 -0.099050305783749 -0.52523881196976
2.8818390369415 -0.10749693214893 -0.51637625694275
3.012567281723 -0.078119434416294 -0.54880404472351
3.1700744628906 -0.036590579897165 -0.59276443719864
3.3412964344025 -0.012677273713052 -0.61755704879761
3.5040647983551 -0.014454085379839 -0.61583578586578
3.6465668678284 -0.0028479532338679 -0.62759119272232
3.7919037342072 0.042459383606911 -0.67153012752533
3.952029466629 0.10205764323473 -0.72598558664322
4.1099519729614 0.11513058841228 -0.73798829317093
4.2322845458984 0.065104685723782 -0.69209015369415
4.3221464157104 -0.0070367846637964 -0.62124395370483
4.4141054153442 -0.053841389715672 -0.573581635952
4.5372591018677 -0.068464674055576 -0.5589085817337
4.6824064254761 -0.074742116034031 -0.5525364279747
4.8199768066406 -0.11409872770309 -0.50871378183365
4.9268617630005 -0.19272950291634 -0.41547393798828
5.0015077590942 -0.28681740164757 -0.29619091749191
5.0526609420776 -0.33897739648819 -0.22829215228558
5.0954041481018 -0.35320025682449 -0.21003594994545
5.1568236351013 -0.31410729885101 -0.26284876465797
5.2412900924683 -0.23617842793465 -0.36249083280563
5.3531188964844 -0.16651299595833 -0.44729921221733
