   5.9439913e-01   1.3812686e+00   1.1343923e+00  -6.8705784e-06   6.2592688e-01   3.7360000e+00
   5.9507439e-01   1.4105486e+00   1.1119980e+00  -3.3467608e-06   6.1904722e-01   3.7366717e+00
   6.0132726e-01   1.4298151e+00   1.0793671e+00  -4.0631804e-07   6.3241074e-01   3.7429201e+00
   6.0762762e-01   1.4468912e+00   1.0469091e+00   1.8888664e-06   6.4779115e-01   3.7492186e+00
   6.1427079e-01   1.4611788e+00   1.0198092e+00  -2.3272571e-06   6.6060936e-01   3.7558666e+00
   6.2167536e-01   1.4544555e+00   1.0325572e+00  -8.2431073e-07   6.5457783e-01   3.7632683e+00
   6.2871929e-01   1.4424053e+00   1.0554228e+00   3.0206975e-06   6.4376008e-01   3.7703113e+00
   6.3556991e-01   1.4290913e+00   1.0807450e+00  -7.1978104e-09   6.3175253e-01   3.7771632e+00
   6.4232665e-01   1.4154512e+00   1.1067392e+00  -8.7638157e-07   6.1939787e-01   3.7839208e+00
   6.4905084e-01   1.4019876e+00   1.1324503e+00  -1.1355039e-06   6.0715026e-01   3.7906454e+00
   6.5581534e-01   1.3891233e+00   1.1570671e+00  -1.0890907e-06   5.9539801e-01   3.7974101e+00
   6.6263090e-01   1.3768592e+00   1.1805818e+00  -8.4110623e-07   5.8414766e-01   3.8042256e+00
   6.6949748e-01   1.3651392e+00   1.2030965e+00  -4.4486444e-07   5.7335337e-01   3.8110921e+00
   6.7641500e-01   1.3539162e+00   1.2246966e+00   3.9156323e-08   5.6297678e-01   3.8180094e+00
   6.8338340e-01   1.3431503e+00   1.2454542e+00   5.7076254e-07   5.5298549e-01   3.8249775e+00
   6.9040255e-01   1.3328073e+00   1.2654314e+00   1.1267479e-06   5.4335177e-01   3.8319964e+00
   6.9747230e-01   1.3228577e+00   1.2846813e+00   1.6945051e-06   5.3405176e-01   3.8390659e+00
   7.0458404e-01   1.3132309e+00   1.3033379e+00   2.3275837e-06   5.2502242e-01   3.8461773e+00
   7.1162846e-01   1.3033545e+00   1.3225105e+00   3.6761202e-06   5.1572675e-01   3.8532207e+00
   7.1839121e-01   1.2923657e+00   1.3438820e+00   5.5781529e-06   5.0534513e-01   3.8599815e+00
   7.2431542e-01   1.2789646e+00   1.3700018e+00   5.7917527e-06   4.9262797e-01   3.8659035e+00
   7.2542364e-01   1.2611727e+00   1.4047769e+00  -6.5140125e-06   4.7563968e-01   3.8670211e+00
   7.1961777e-01   1.2481639e+00   1.4302748e+00  -5.7102741e-06   4.6315614e-01   3.8612156e+00
   7.1343417e-01   1.2361955e+00   1.4537895e+00  -6.1673732e-06   4.5160953e-01   3.8550320e+00
   7.0718393e-01   1.2245949e+00   1.4766342e+00  -6.2616094e-06   4.4036545e-01   3.8487819e+00
   7.0063105e-01   1.2140507e+00   1.4974441e+00  -7.0185288e-06   4.3009977e-01   3.8422291e+00
   6.9248887e-01   1.2115186e+00   1.5024439e+00   6.2371448e-07   4.2762625e-01   3.8340815e+00
   6.8427834e-01   1.2141068e+00   1.4973432e+00   1.0815035e-05   4.3014802e-01   3.8258620e+00
   6.7634635e-01   1.2190827e+00   1.4875091e+00   3.2392511e-07   4.3500100e-01   3.8179390e+00
   6.6864376e-01   1.2255042e+00   1.4748511e+00   3.6777338e-06   4.4124227e-01   3.8102379e+00
   6.6113597e-01   1.2328554e+00   1.4603648e+00  -7.9489375e-06   4.4837111e-01   3.8027307e+00
   6.5382235e-01   1.2410769e+00   1.4441945e+00  -7.6076244e-06   4.5631998e-01   3.7954180e+00
   6.4664313e-01   1.2498961e+00   1.4268774e+00  -7.2729980e-06   4.6481801e-01   3.7882390e+00
   6.3954164e-01   1.2590871e+00   1.4088612e+00  -6.8945645e-06   4.7364339e-01   3.7811374e+00
   6.3249705e-01   1.2685794e+00   1.3902868e+00  -6.4773216e-06   4.8272563e-01   3.7740926e+00
   6.2550944e-01   1.2783898e+00   1.3711241e+00  -6.0116393e-06   4.9207813e-01   3.7671046e+00
   6.1857878e-01   1.2885373e+00   1.3513388e+00  -5.4943732e-06   5.0171626e-01   3.7601736e+00
   6.1170507e-01   1.2990433e+00   1.3308920e+00  -4.9224854e-06   5.1165732e-01   3.7532995e+00
   6.0488819e-01   1.3099324e+00   1.3097394e+00  -4.2939202e-06   5.2192113e-01   3.7464822e+00
   5.9812814e-01   1.3212322e+00   1.2878308e+00  -3.6062357e-06   5.3253016e-01   3.7397217e+00
   5.9142478e-01   1.3329750e+00   1.2651082e+00  -2.8545383e-06   5.4351045e-01   3.7330178e+00
   5.8477801e-01   1.3451978e+00   1.2415042e+00  -2.0283792e-06   5.5489215e-01   3.7263705e+00
   5.7818767e-01   1.3579439e+00   1.2169402e+00  -1.1101399e-06   5.6671055e-01   3.7197795e+00
   5.7165361e-01   1.3712646e+00   1.1913233e+00  -7.6857323e-08   5.7900733e-01   3.7132447e+00
   5.6513158e-01   1.3850028e+00   1.1649613e+00   1.3160230e-06   5.9163198e-01   3.7067216e+00
   5.5855139e-01   1.3988292e+00   1.1384881e+00   3.1105394e-06   6.0427962e-01   3.7001399e+00
   5.5189556e-01   1.4125510e+00   1.1122753e+00  -1.2388961e-06   6.1676549e-01   3.6934894e+00
   5.4507884e-01   1.4256724e+00   1.0872579e+00  -1.2322338e-06   6.2866142e-01   3.6866727e+00
   5.3803332e-01   1.4373489e+00   1.0650356e+00   1.8593238e-06   6.3921305e-01   3.6796221e+00
   5.3063073e-01   1.4446026e+00   1.0512432e+00  -3.3220546e-06   6.4575006e-01   3.6722240e+00
   5.2330681e-01   1.4386156e+00   1.0626311e+00   5.8355857e-07   6.4034391e-01   3.6648992e+00
   5.1664688e-01   1.4239904e+00   1.0904604e+00   7.0186262e-07   6.2713759e-01   3.6582384e+00
   5.0993788e-01   1.4101843e+00   1.1167910e+00   1.1769588e-06   6.1461284e-01   3.6515287e+00
   5.0319181e-01   1.3970057e+00   1.1419775e+00   1.3338354e-06   6.0260500e-01   3.6447823e+00
   4.9893736e-01   1.3765299e+00   1.1812188e+00  -1.7074072e-06   5.8384538e-01   3.6405323e+00
   4.9944492e-01   1.3525316e+00   1.2273604e+00  -3.2666332e-05   5.6170178e-01   3.6410682e+00
   5.0197607e-01   1.3309484e+00   1.2690231e+00   2.7682711e-07   5.4161924e-01   3.6435779e+00
   5.0544191e-01   1.3114330e+00   1.3068291e+00   1.3209072e-06   5.2332982e-01   3.6470335e+00
   5.0930353e-01   1.2932512e+00   1.3421657e+00  -3.6650774e-06   5.0617367e-01   3.6509010e+00
   5.1324644e-01   1.2758540e+00   1.3760765e+00   7.1434984e-07   4.8966084e-01   3.6548395e+00
   5.1724502e-01   1.2591335e+00   1.4087704e+00   1.7096309e-06   4.7368820e-01   3.6588365e+00
   5.2129212e-01   1.2430082e+00   1.4403955e+00  -9.8383513e-06   4.5819121e-01   3.6629044e+00
   5.2540713e-01   1.2274548e+00   1.4709961e+00  -2.7294252e-06   4.4314459e-01   3.6670118e+00
   5.2958044e-01   1.2124040e+00   1.5006976e+00   1.9482995e-09   4.2849517e-01   3.6711850e+00
   5.3381166e-01   1.1978187e+00   1.5295690e+00   2.7534237e-06   4.1420517e-01   3.6754026e+00
   5.3807551e-01   1.1836291e+00   1.5577406e+00   5.9136553e-06   4.0022374e-01   3.6796652e+00
   5.4230540e-01   1.1697341e+00   1.5854125e+00   9.1452695e-06   3.8644803e-01   3.6838955e+00
   5.4640769e-01   1.1560252e+00   1.6127990e+00   7.1046784e-06   3.7277146e-01   3.6880014e+00
   5.4971555e-01   1.1420205e+00   1.6408634e+00   4.3084569e-06   3.5871153e-01   3.6913078e+00
   5.4993109e-01   1.1271585e+00   1.6707488e+00  -8.8284114e-06   3.4368517e-01   3.6915326e+00
   5.4610079e-01   1.1144432e+00   1.6964089e+00   6.0286610e-05   3.3074162e-01   3.6876322e+00
   5.3988974e-01   1.1046203e+00   1.7162830e+00  -3.6118691e-05   3.2068799e-01   3.6815180e+00
   5.3126532e-01   1.1017367e+00   1.7221247e+00  -1.9452935e-05   3.1772713e-01   3.6728817e+00
   5.2297965e-01   1.1051706e+00   1.7151728e+00  -2.0038701e-06   3.2124907e-01   3.6645761e+00
   5.1595879e-01   1.1136328e+00   1.6980485e+00  -3.2981518e-05   3.2991243e-01   3.6575840e+00
   5.1101140e-01   1.1255639e+00   1.6739687e+00   5.4651690e-05   3.4206250e-01   3.6525595e+00
   5.0663931e-01   1.1383416e+00   1.6482466e+00   1.7596702e-06   3.5500271e-01   3.6482252e+00
   5.0247088e-01   1.1515952e+00   1.6216612e+00  -1.5038358e-06   3.6833432e-01   3.6440596e+00
   4.9836833e-01   1.1652061e+00   1.5944449e+00  -3.7476651e-06   3.8193968e-01   3.6399589e+00
   4.9432711e-01   1.1791944e+00   1.5665613e+00  -5.4571912e-06   3.9583511e-01   3.6359194e+00
   4.9034603e-01   1.1935869e+00   1.5379610e+00  -6.2489076e-06   4.1004329e-01   3.6319398e+00
   4.8566079e-01   1.2073691e+00   1.5106535e+00   3.0949508e-06   4.2356987e-01   3.6272478e+00
   4.7835237e-01   1.2149829e+00   1.4956059e+00  -8.4049214e-06   4.3100191e-01   3.6199483e+00
   4.7012729e-01   1.2140468e+00   1.4974493e+00   1.7494578e-05   4.3009086e-01   3.6117044e+00
   4.6229114e-01   1.2083660e+00   1.5086793e+00   1.0233099e-06   4.2454465e-01   3.6038853e+00
   4.5477893e-01   1.2009844e+00   1.5232925e+00  -9.8623910e-06   4.1731842e-01   3.5963748e+00
   4.4724002e-01   1.1937169e+00   1.5377008e+00  -9.7854080e-06   4.1017789e-01   3.5888359e+00
   4.3964596e-01   1.1866596e+00   1.5517136e+00  -9.7943031e-06   4.0322271e-01   3.5812415e+00
   4.3199739e-01   1.1798061e+00   1.5653421e+00  -9.6765285e-06   3.9644804e-01   3.5735924e+00
   4.2429444e-01   1.1731502e+00   1.5785975e+00  -9.4108818e-06   3.8984901e-01   3.5658887e+00
   4.1656275e-01   1.1666398e+00   1.5915811e+00   1.3954032e-05   3.8336872e-01   3.5581462e+00
   4.0943324e-01   1.1581564e+00   1.6085311e+00  -7.4891672e-06   3.7490901e-01   3.5510302e+00
   4.0458463e-01   1.1456749e+00   1.6335309e+00  -4.5530934e-06   3.6238848e-01   3.5461775e+00
   4.0302811e-01   1.1310424e+00   1.6629278e+00   1.9681131e-05   3.4762044e-01   3.5446022e+00
   4.0402806e-01   1.1165923e+00   1.6920634e+00  -2.9002145e-05   3.3293684e-01   3.5456502e+00
   4.0661479e-01   1.1029966e+00   1.7195777e+00   7.3376878e-06   3.1901846e-01   3.5482004e+00
   4.1003471e-01   1.0901520e+00   1.7456623e+00   4.4031562e-05   3.0577780e-01   3.5515806e+00
   4.1361692e-01   1.0776563e+00   1.7711283e+00   4.4973578e-06   2.9280768e-01   3.5552017e+00
   4.1725319e-01   1.0654292e+00   1.7961348e+00   2.8289062e-06   2.8002798e-01   3.5588386e+00
   4.2094987e-01   1.0534605e+00   1.8207014e+00   1.1001451e-06   2.6742967e-01   3.5625359e+00
   4.2472519e-01   1.0417529e+00   1.8448257e+00  -9.2718706e-06   2.5501380e-01   3.5663261e+00
   4.2855061e-01   1.0302726e+00   1.8685684e+00  -1.1168369e-05   2.4275145e-01   3.5701534e+00
   4.3244130e-01   1.0190194e+00   1.8919311e+00  -1.2940631e-05   2.3064184e-01   3.5740458e+00
   4.3639876e-01   1.0079845e+00   1.9149312e+00  -1.4682185e-05   2.1867663e-01   3.5780051e+00
   4.4020509e-01   9.9703875e-01   1.9378390e+00  -1.0204972e-05   2.0671457e-01   3.5818076e+00
   4.4335980e-01   9.8593774e-01   1.9611544e+00  -2.0945900e-05   1.9449865e-01   3.5849739e+00
   4.4512772e-01   9.7461837e-01   1.9850477e+00   1.1862903e-05   1.8192999e-01   3.5867069e+00
   4.4357705e-01   9.6357917e-01   2.0084603e+00  -2.2481286e-05   1.6955750e-01   3.5851959e+00
   4.3619161e-01   9.5663246e-01   2.0232688e+00   1.9807558e-05   1.6169305e-01   3.5777638e+00
   4.2722505e-01   9.5200336e-01   2.0331660e+00   2.6412850e-05   1.5642222e-01   3.5687920e+00
   4.1818103e-01   9.4749384e-01   2.0428162e+00   2.7287234e-05   1.5128153e-01   3.5597472e+00
   4.0906364e-01   9.4310676e-01   2.0522244e+00   2.8362903e-05   1.4626045e-01   3.5506287e+00
   3.9938842e-01   9.4205616e-01   2.0544743e+00   6.5403609e-05   1.4505931e-01   3.5409157e+00
   3.9134318e-01   9.4830632e-01   2.0411024e+00   5.6169335e-05   1.5218043e-01   3.5328812e+00
   3.8551881e-01   9.5719162e-01   2.0220957e+00   2.2987442e-05   1.6230407e-01   3.5270882e+00
   3.8099112e-01   9.6713250e-01   2.0009453e+00   3.7434992e-05   1.7351491e-01   3.5225484e+00
   3.7719683e-01   9.7761811e-01   1.9787286e+00   1.4411643e-05   1.8524628e-01   3.5187751e+00
   3.7366944e-01   9.8842089e-01   1.9559599e+00   2.4359911e-05   1.9721439e-01   3.5152375e+00
   3.7019750e-01   9.9939941e-01   1.9329022e+00   2.0732704e-05   2.0929323e-01   3.5117695e+00
   3.6678697e-01   1.0105894e+00   1.9095017e+00   1.7222891e-05   2.2150343e-01   3.5083627e+00
   3.6343632e-01   1.0219989e+00   1.8857421e+00   1.4135243e-05   2.3385339e-01   3.5050153e+00
   3.6014405e-01   1.0336365e+00   1.8616058e+00   1.1783360e-05   2.4635195e-01   3.5017254e+00
   3.5690882e-01   1.0455116e+00   1.8370745e+00   1.0143184e-05   2.5900810e-01   3.4984920e+00
   3.5372919e-01   1.0576348e+00   1.8121277e+00   8.6942805e-06   2.7183196e-01   3.4953141e+00
   3.5055891e-01   1.0699925e+00   1.7867943e+00   6.3235515e-06   2.8480793e-01   3.4921467e+00
   3.4708734e-01   1.0824050e+00   1.7614412e+00   5.5142118e-07   2.9774722e-01   3.4886823e+00
   3.4296684e-01   1.0945838e+00   1.7366507e+00  -8.0771450e-06   3.1035489e-01   3.4845621e+00
   3.3753790e-01   1.1055643e+00   1.7143707e+00  -3.0921534e-05   3.2165463e-01   3.4791524e+00
   3.2941658e-01   1.1078699e+00   1.7097134e+00  -3.9356350e-05   3.2401198e-01   3.4710475e+00
   3.2106572e-01   1.1033073e+00   1.7189425e+00  -1.5922352e-05   3.1933919e-01   3.4626784e+00
   3.1266557e-01   1.0989288e+00   1.7278213e+00  -1.4968666e-05   3.1483690e-01   3.4542788e+00
   3.0402628e-01   1.0983747e+00   1.7289490e+00  -1.4424706e-05   3.1427130e-01   3.4456297e+00
   2.9855286e-01   1.1090357e+00   1.7073409e+00  -3.2104150e-05   3.2521380e-01   3.4401729e+00
   2.9587516e-01   1.1227342e+00   1.6796676e+00  -1.7279023e-06   3.3919051e-01   3.4374688e+00
   2.9334458e-01   1.1368396e+00   1.6512672e+00   5.1996182e-05   3.5348509e-01   3.4348845e+00
   2.9087499e-01   1.1513227e+00   1.6222099e+00   1.5698538e-05   3.6806276e-01   3.4324532e+00
   2.9218155e-01   1.1659404e+00   1.5929796e+00  -2.7687219e-05   3.8267556e-01   3.4338001e+00
   2.9857829e-01   1.1762091e+00   1.5725062e+00   1.1304057e-06   3.9287717e-01   3.4401684e+00
   3.0609137e-01   1.1835940e+00   1.5578127e+00   8.7494271e-06   4.0018291e-01   3.4476808e+00
   3.1389911e-01   1.1896660e+00   1.5457511e+00  -2.6664019e-05   4.0618031e-01   3.4555122e+00
   3.2184482e-01   1.1950321e+00   1.5350935e+00  -2.7015191e-05   4.1146331e-01   3.4634659e+00
   3.2977941e-01   1.2003661e+00   1.5245196e+00  -6.6943512e-06   4.1670607e-01   3.4713789e+00
   3.3767279e-01   1.2058870e+00   1.5135874e+00  -2.8485741e-06   4.2211804e-01   3.4792686e+00
   3.4552362e-01   1.2116126e+00   1.5022666e+00  -2.9001296e-05   4.2771202e-01   3.4871477e+00
   3.5332978e-01   1.2175169e+00   1.4906045e+00  -2.7771835e-05   4.3347101e-01   3.4949532e+00
   3.6108576e-01   1.2235972e+00   1.4786014e+00  -1.7294436e-06   4.3939460e-01   3.5026805e+00
   3.6880098e-01   1.2299089e+00   1.4661695e+00  -1.2784044e-06   4.4551746e-01   3.5103916e+00
   3.7647204e-01   1.2364267e+00   1.4533382e+00   6.9680948e-06   4.5182694e-01   3.5180641e+00
   3.8412590e-01   1.2429734e+00   1.4404691e+00   6.2158044e-06   4.5814955e-01   3.5257182e+00
   3.9199342e-01   1.2478953e+00   1.4308030e+00  -4.2808431e-07   4.6289475e-01   3.5335860e+00
   4.0011810e-01   1.2493783e+00   1.4278955e+00  -1.6383476e-05   4.6432212e-01   3.5417263e+00
   4.0807449e-01   1.2455982e+00   1.4353103e+00  -1.9119894e-07   4.6068391e-01   3.5496672e+00
   4.1501142e-01   1.2360762e+00   1.4540230e+00   8.5959116e-06   4.5149517e-01   3.5565992e+00
   4.2039208e-01   1.2227191e+00   1.4803351e+00   7.1205936e-07   4.3853902e-01   3.5619827e+00
   4.2437597e-01   1.2075916e+00   1.5102153e+00   3.9001443e-06   4.2378611e-01   3.5659663e+00
   4.2783593e-01   1.1923333e+00   1.5404505e+00   8.2764037e-06   4.0881097e-01   3.5694248e+00
   4.3134777e-01   1.1775274e+00   1.5698827e+00   8.4327369e-06   3.9418535e-01   3.5729373e+00
   4.3491379e-01   1.1631407e+00   1.5985736e+00   7.4412545e-06   3.7988158e-01   3.5765048e+00
   4.3853502e-01   1.1491439e+00   1.6265774e+00   5.3598015e-06   3.6587474e-01   3.5801280e+00
   4.4221242e-01   1.1355115e+00   1.6539408e+00   2.7268786e-06   3.5214325e-01   3.5838073e+00
   4.4595397e-01   1.1222262e+00   1.6806989e+00  -2.8175962e-05   3.3867254e-01   3.5875833e+00
   4.4974223e-01   1.1092401e+00   1.7069244e+00  -3.9835350e-05   3.2542570e-01   3.5913678e+00
   4.5359793e-01   1.0965779e+00   1.7325944e+00   7.1598765e-05   3.1241756e-01   3.5951129e+00
   4.5761940e-01   1.0842837e+00   1.7576136e+00   1.0284804e-05   2.9969873e-01   3.5992070e+00
   4.6182764e-01   1.0723482e+00   1.7819764e+00   1.6287873e-05   2.8727393e-01   3.6034125e+00
   4.6634861e-01   1.0608713e+00   1.8054824e+00  -3.3850066e-06   2.7524030e-01   3.6079467e+00
   4.7185934e-01   1.0505545e+00   1.8266822e+00  -6.2715476e-06   2.6435621e-01   3.6134591e+00
   4.7855294e-01   1.0417932e+00   1.8447440e+00  -9.6123437e-06   2.5505592e-01   3.6201550e+00
   4.8564043e-01   1.0337240e+00   1.8614244e+00  -2.4325570e-05   2.4644606e-01   3.6272545e+00
   4.9398110e-01   1.0282880e+00   1.8726839e+00  -8.2074200e-06   2.4062113e-01   3.6355824e+00
   5.0263898e-01   1.0237136e+00   1.8821759e+00  -8.4993308e-06   2.3570317e-01   3.6442400e+00
   5.1155224e-01   1.0200655e+00   1.8897522e+00  -3.3175085e-05   2.3177159e-01   3.6531743e+00
   5.2071207e-01   1.0174936e+00   1.8951038e+00  -1.9816772e-05   2.2899475e-01   3.6623240e+00
   5.3001790e-01   1.0164516e+00   1.8972740e+00  -9.5188496e-06   2.2786398e-01   3.6716201e+00
   5.3910291e-01   1.0193526e+00   1.8912464e+00  -1.4571402e-05   2.3099207e-01   3.6807103e+00
   5.4807401e-01   1.0228149e+00   1.8840433e+00  -6.0055977e-06   2.3473481e-01   3.6896722e+00
   5.5672522e-01   1.0273786e+00   1.8745728e+00  -3.6490528e-05   2.3964269e-01   3.6983520e+00
   5.6516621e-01   1.0326061e+00   1.8637353e+00  -8.0951621e-06   2.4525095e-01   3.7067671e+00
   5.7323020e-01   1.0387201e+00   1.8510853e+00  -2.0065645e-05   2.5178328e-01   3.7148512e+00
   5.8030935e-01   1.0468571e+00   1.8342968e+00  -1.9909711e-05   2.6043704e-01   3.7219191e+00
   5.8714474e-01   1.0554429e+00   1.8166277e+00  -1.3069525e-05   2.6952093e-01   3.7287492e+00
   5.9344025e-01   1.0648981e+00   1.7972235e+00  -1.1526984e-05   2.7946979e-01   3.7350453e+00
   5.9945713e-01   1.0748306e+00   1.7768994e+00  -5.8548882e-06   2.8986202e-01   3.7410566e+00
   6.0465047e-01   1.0858222e+00   1.7544737e+00   2.0010284e-05   3.0129261e-01   3.7462349e+00
   6.0737934e-01   1.0989629e+00   1.7277607e+00   1.3098742e-05   3.1487281e-01   3.7489578e+00
   6.0964265e-01   1.1126163e+00   1.7001010e+00   5.8705607e-05   3.2886758e-01   3.7511780e+00
   6.1042329e-01   1.1270148e+00   1.6710335e+00  -5.4620194e-06   3.4354654e-01   3.7520217e+00
   6.1055393e-01   1.1418940e+00   1.6411193e+00  -4.5904377e-06   3.5857955e-01   3.7521504e+00
   6.0932570e-01   1.1569404e+00   1.6109619e+00   2.6265694e-05   3.7369260e-01   3.7508934e+00
   6.0636466e-01   1.1716344e+00   1.5816226e+00   8.5526062e-06   3.8833592e-01   3.7479511e+00
   6.0322327e-01   1.1865876e+00   1.5518599e+00  -3.5076004e-06   4.0314398e-01   3.7448173e+00
   5.9908310e-01   1.2009876e+00   1.5232891e+00  -5.3544910e-06   4.1731510e-01   3.7406774e+00
   5.9457273e-01   1.2152987e+00   1.4949797e+00  -1.7638416e-06   4.3131420e-01   3.7361653e+00
   5.8996886e-01   1.2298522e+00   1.4662715e+00   8.6855809e-06   4.4546932e-01   3.7315509e+00
   5.8540595e-01   1.2448523e+00   1.4367760e+00  -8.7727723e-07   4.5996432e-01   3.7269994e+00
   5.8091203e-01   1.2603952e+00   1.4062982e+00  -2.5436717e-07   4.7489912e-01   3.7225050e+00
   5.7647912e-01   1.2765167e+00   1.3747789e+00   1.0197338e-06   4.9029680e-01   3.7180712e+00
   5.7210674e-01   1.2928388e+00   1.3423789e+00   2.7473108e-06   5.0637473e-01   3.7136973e+00
   5.6784400e-01   1.3064452e+00   1.3111004e+00   1.1548129e-05   5.2405107e-01   3.7094270e+00
