   3.6648709e+00  -1.2045624e+00   4.6364768e-01   2.8516738e-09   6.9226833e-01  -5.2327825e-01
   3.6611058e+00  -1.2044447e+00   4.6366024e-01  -3.9905000e-07   6.9219998e-01  -5.1951297e-01
   3.6573376e+00  -1.2043264e+00   4.6366486e-01  -7.2510072e-07   6.9213722e-01  -5.1574454e-01
   3.6535661e+00  -1.2042101e+00   4.6366608e-01  -9.0154128e-07   6.9207784e-01  -5.1197307e-01
   3.6497916e+00  -1.2040975e+00   4.6366768e-01  -2.3132343e-07   6.9202018e-01  -5.0819885e-01
   3.6460142e+00  -1.2039885e+00   4.6366793e-01  -2.4002755e-07   6.9196510e-01  -5.0442140e-01
   3.6422338e+00  -1.2038831e+00   4.6366767e-01  -2.1183163e-07   6.9191220e-01  -5.0064111e-01
   3.6384508e+00  -1.2037816e+00   4.6366722e-01  -1.8416915e-07   6.9186137e-01  -4.9685806e-01
   3.6346651e+00  -1.2036841e+00   4.6366668e-01  -1.6331627e-07   6.9181259e-01  -4.9307235e-01
   3.6308768e+00  -1.2035906e+00   4.6366608e-01  -1.4574927e-07   6.9176584e-01  -4.8928410e-01
   3.6270861e+00  -1.2035011e+00   4.6366546e-01  -1.3049595e-07   6.9172110e-01  -4.8549342e-01
   3.6232931e+00  -1.2034157e+00   4.6366484e-01  -1.1313790e-07   6.9167840e-01  -4.8170042e-01
   3.6194979e+00  -1.2033342e+00   4.6366418e-01  -1.0428609e-07   6.9163773e-01  -4.7790519e-01
   3.6157006e+00  -1.2032569e+00   4.6366352e-01  -9.1901730e-08   6.9159911e-01  -4.7410788e-01
   3.6119013e+00  -1.2031837e+00   4.6366287e-01  -9.1699326e-08   6.9156252e-01  -4.7030854e-01
   3.6081002e+00  -1.2031144e+00   4.6366293e-01   7.9187120e-08   6.9152765e-01  -4.6650761e-01
   3.6042972e+00  -1.2030495e+00   4.6366244e-01   6.2592516e-08   6.9149507e-01  -4.6270465e-01
   3.6004925e+00  -1.2029886e+00   4.6366182e-01   6.5448039e-08   6.9146462e-01  -4.5889999e-01
   3.5966863e+00  -1.2029317e+00   4.6366113e-01   1.1993027e-07   6.9143627e-01  -4.5509384e-01
   3.5928787e+00  -1.2028789e+00   4.6366046e-01   2.6062899e-07   6.9140998e-01  -4.5128639e-01
   3.5890694e+00  -1.2028303e+00   4.6365930e-01  -6.7077145e-08   6.9138622e-01  -4.4747670e-01
   3.5852590e+00  -1.2027854e+00   4.6365796e-01  -2.8384104e-07   6.9136445e-01  -4.4366601e-01
   3.5814477e+00  -1.2027449e+00   4.6365715e-01  -1.6620568e-07   6.9134449e-01  -4.3985482e-01
   3.5776353e+00  -1.2027086e+00   4.6365645e-01  -1.1788162e-07   6.9132658e-01  -4.3604249e-01
   3.5738223e+00  -1.2026765e+00   4.6365617e-01   3.4556729e-07   6.9131046e-01  -4.3223003e-01
   3.5700081e+00  -1.2026485e+00   4.6365562e-01   3.2336370e-07   6.9129667e-01  -4.2841588e-01
   3.5661933e+00  -1.2026247e+00   4.6365499e-01   2.9275624e-07   6.9128503e-01  -4.2460099e-01
   3.5623781e+00  -1.2026037e+00   4.6365514e-01   6.0078127e-07   6.9127226e-01  -4.2078619e-01
   3.5585620e+00  -1.2025888e+00   4.6365501e-01   4.0404605e-07   6.9126521e-01  -4.1696971e-01
   3.5547457e+00  -1.2025777e+00   4.6365447e-01   4.3508522e-07   6.9126029e-01  -4.1315335e-01
   3.5509293e+00  -1.2025705e+00   4.6365389e-01   7.6390310e-09   6.9125675e-01  -4.0933665e-01
   3.5471127e+00  -1.2025677e+00   4.6365323e-01   2.3330673e-09   6.9125627e-01  -4.0552002e-01
   3.5432961e+00  -1.2025689e+00   4.6365234e-01  -3.1544815e-08   6.9125802e-01  -4.0170338e-01
   3.5394795e+00  -1.2025742e+00   4.6365152e-01   1.6528795e-08   6.9126156e-01  -3.9788679e-01
   3.5356632e+00  -1.2025800e+00   4.6365100e-01  -3.0520284e-08   6.9126492e-01  -3.9407053e-01
   3.5318469e+00  -1.2025748e+00   4.6365177e-01   9.1667297e-09   6.9126058e-01  -3.9025426e-01
   3.5280305e+00  -1.2025747e+00   4.6365177e-01   7.0857656e-08   6.9126127e-01  -3.8643794e-01
   3.5242139e+00  -1.2025780e+00   4.6365132e-01  -4.7812485e-08   6.9126353e-01  -3.8262114e-01
   3.5203976e+00  -1.2025856e+00   4.6365077e-01  -1.2101345e-08   6.9126808e-01  -3.7880492e-01
   3.5165818e+00  -1.2025808e+00   4.6365158e-01   8.1640358e-09   6.9126382e-01  -3.7498919e-01
   3.5127664e+00  -1.2025604e+00   4.6365367e-01   5.1047900e-07   6.9125138e-01  -3.7117434e-01
   3.5089498e+00  -1.2025444e+00   4.6365441e-01   4.5004641e-07   6.9124301e-01  -3.6735763e-01
   3.5051329e+00  -1.2025319e+00   4.6365435e-01   3.8076168e-07   6.9123700e-01  -3.6354055e-01
   3.5013159e+00  -1.2025233e+00   4.6365399e-01   1.3154187e-08   6.9123263e-01  -3.5972329e-01
   3.4975004e+00  -1.2024979e+00   4.6365473e-01   3.0831733e-07   6.9122083e-01  -3.5590808e-01
   3.4936844e+00  -1.2024623e+00   4.6365548e-01  -9.3305828e-08   6.9120223e-01  -3.5209166e-01
   3.4898681e+00  -1.2024303e+00   4.6365578e-01   3.4127106e-07   6.9118575e-01  -3.4827589e-01
   3.4860507e+00  -1.2024023e+00   4.6365551e-01   3.3130025e-07   6.9117170e-01  -3.4445847e-01
   3.4822326e+00  -1.2023783e+00   4.6365499e-01   2.8920056e-07   6.9115988e-01  -3.4064027e-01
   3.4784168e+00  -1.2023326e+00   4.6365684e-01   3.8175716e-09   6.9113531e-01  -3.3682420e-01
   3.4746008e+00  -1.2022827e+00   4.6365797e-01  -1.0846029e-07   6.9110905e-01  -3.3300798e-01
   3.4707835e+00  -1.2022362e+00   4.6365814e-01  -8.3885964e-09   6.9108537e-01  -3.2919089e-01
   3.4669649e+00  -1.2021936e+00   4.6365743e-01  -2.1457738e-07   6.9106419e-01  -3.2537204e-01
   3.4631454e+00  -1.2021550e+00   4.6365682e-01  -1.4588092e-07   6.9104501e-01  -3.2155260e-01
   3.4593297e+00  -1.2020928e+00   4.6365964e-01   6.1927471e-08   6.9101128e-01  -3.1773715e-01
   3.4555129e+00  -1.2020293e+00   4.6366101e-01   6.0798980e-08   6.9097797e-01  -3.1392038e-01
   3.4516945e+00  -1.2019693e+00   4.6366120e-01   7.8008827e-08   6.9094723e-01  -3.1010196e-01
   3.4478745e+00  -1.2019131e+00   4.6366090e-01   1.4370228e-07   6.9091880e-01  -3.0628204e-01
   3.4440528e+00  -1.2018609e+00   4.6365983e-01  -1.5536026e-07   6.9089299e-01  -3.0245997e-01
   3.4402359e+00  -1.2017850e+00   4.6366178e-01  -8.3788246e-08   6.9085280e-01  -2.9864322e-01
   3.4364178e+00  -1.2017085e+00   4.6366266e-01  -8.6045042e-08   6.9081312e-01  -2.9482509e-01
   3.4325977e+00  -1.2016355e+00   4.6366265e-01  -9.3808025e-08   6.9077592e-01  -2.9100492e-01
   3.4287758e+00  -1.2015664e+00   4.6366296e-01   8.8350203e-08   6.9074063e-01  -2.8718318e-01
   3.4249519e+00  -1.2015016e+00   4.6366258e-01   6.6244698e-08   6.9070774e-01  -2.8335939e-01
   3.4211327e+00  -1.2014155e+00   4.6366395e-01  -1.0128141e-07   6.9066257e-01  -2.7954001e-01
   3.4173127e+00  -1.2013269e+00   4.6366476e-01  -1.0784008e-07   6.9061674e-01  -2.7571996e-01
   3.4134903e+00  -1.2012421e+00   4.6366474e-01  -1.0121230e-07   6.9057337e-01  -2.7189760e-01
   3.4096657e+00  -1.2011611e+00   4.6366436e-01  -1.0301496e-07   6.9053224e-01  -2.6807299e-01
   3.4058390e+00  -1.2010842e+00   4.6366379e-01  -9.5969878e-08   6.9049329e-01  -2.6424628e-01
   3.4020165e+00  -1.2009905e+00   4.6366524e-01  -1.2198270e-07   6.9044422e-01  -2.6042376e-01
   3.3981939e+00  -1.2008912e+00   4.6366638e-01  -1.5553009e-07   6.9039248e-01  -2.5660122e-01
   3.3943687e+00  -1.2007954e+00   4.6366653e-01  -1.4341685e-07   6.9034330e-01  -2.5277603e-01
   3.3905411e+00  -1.2007035e+00   4.6366623e-01  -1.2684726e-07   6.9029640e-01  -2.4894837e-01
   3.3867110e+00  -1.2006157e+00   4.6366572e-01  -1.0618879e-07   6.9025169e-01  -2.4511830e-01
   3.3828834e+00  -1.2005175e+00   4.6366653e-01  -1.4528752e-07   6.9020066e-01  -2.4129065e-01
   3.3790577e+00  -1.2004082e+00   4.6366795e-01  -2.1786641e-07   6.9014347e-01  -2.3746494e-01
   3.3752292e+00  -1.2003025e+00   4.6366820e-01  -2.1266444e-07   6.9008893e-01  -2.3363643e-01
   3.3713979e+00  -1.2002005e+00   4.6366795e-01  -1.7217545e-07   6.9003669e-01  -2.2980516e-01
   3.3675639e+00  -1.2001025e+00   4.6366747e-01  -1.5731772e-07   6.8998665e-01  -2.2597116e-01
   3.3637294e+00  -1.2000028e+00   4.6366745e-01  -1.6495392e-07   6.8993530e-01  -2.2213671e-01
   3.3599001e+00  -1.1998718e+00   4.6364711e-01  -4.8130298e-08   6.8988266e-01  -2.1830740e-01
   3.3560676e+00  -1.1997639e+00   4.6365981e-01  -8.2464454e-08   6.8981765e-01  -2.1447488e-01
   3.3522321e+00  -1.1996561e+00   4.6366515e-01  -1.6669582e-07   6.8975817e-01  -2.1063933e-01
   3.3483936e+00  -1.1995504e+00   4.6366713e-01  -1.9098444e-07   6.8970223e-01  -2.0680091e-01
   3.3445524e+00  -1.1994481e+00   4.6366764e-01  -1.8634803e-07   6.8964902e-01  -2.0295964e-01
   3.3407169e+00  -1.1993262e+00   4.6366852e-01  -9.0497661e-07   6.8958525e-01  -1.9912382e-01
   3.3368799e+00  -1.1992031e+00   4.6366903e-01  -9.1676349e-07   6.8952128e-01  -1.9528677e-01
   3.3330396e+00  -1.1990709e+00   4.6364707e-01  -4.9646849e-08   6.8946908e-01  -1.9144696e-01
   3.3291962e+00  -1.1989631e+00   4.6365983e-01  -8.5949396e-08   6.8940383e-01  -1.8760349e-01
   3.3253498e+00  -1.1988554e+00   4.6366522e-01  -1.6417511e-07   6.8934412e-01  -1.8375704e-01
   3.3215043e+00  -1.1987401e+00   4.6366829e-01  -1.9775769e-07   6.8928210e-01  -1.7991155e-01
   3.3176621e+00  -1.1986107e+00   4.6367005e-01  -7.4336091e-07   6.8921363e-01  -1.7606904e-01
   3.3138165e+00  -1.1984844e+00   4.6367021e-01  -8.9856584e-07   6.8914794e-01  -1.7222337e-01
   3.3099676e+00  -1.1983484e+00   4.6364705e-01  -5.4859765e-08   6.8909440e-01  -1.6837495e-01
   3.3061155e+00  -1.1982377e+00   4.6366016e-01  -7.4588149e-08   6.8902716e-01  -1.6452279e-01
   3.3022602e+00  -1.1981271e+00   4.6366575e-01  -1.7124239e-07   6.8896553e-01  -1.6066743e-01
   3.2984103e+00  -1.1979972e+00   4.6366922e-01  -6.9746596e-07   6.8889541e-01  -1.5681728e-01
   3.2945589e+00  -1.1978654e+00   4.6367085e-01  -7.4766738e-07   6.8882558e-01  -1.5296580e-01
   3.2907040e+00  -1.1977369e+00   4.6367096e-01  -8.6679162e-07   6.8875852e-01  -1.4911086e-01
   3.2868456e+00  -1.1976122e+00   4.6367038e-01  -9.6702306e-07   6.8869388e-01  -1.4525251e-01
   3.2829841e+00  -1.1974781e+00   4.6364698e-01  -4.7890780e-08   6.8864121e-01  -1.4139138e-01
   3.2791210e+00  -1.1973653e+00   4.6366040e-01  -6.9646769e-08   6.8857239e-01  -1.3752828e-01
   3.2752631e+00  -1.1972315e+00   4.6366773e-01  -4.4741084e-07   6.8849706e-01  -1.3367021e-01
   3.2714017e+00  -1.1970992e+00   4.6367046e-01  -6.9891568e-07   6.8842587e-01  -1.2980867e-01
   3.2675368e+00  -1.1969698e+00   4.6367107e-01  -8.3377181e-07   6.8835771e-01  -1.2594366e-01
   3.2636683e+00  -1.1968441e+00   4.6367072e-01  -9.4391429e-07   6.8829211e-01  -1.2207521e-01
   3.2597967e+00  -1.1967086e+00   4.6364700e-01  -5.6106112e-08   6.8823874e-01  -1.1820399e-01
   3.2559238e+00  -1.1965938e+00   4.6366013e-01  -3.5826532e-07   6.8816865e-01  -1.1433092e-01
   3.2520527e+00  -1.1964660e+00   4.6366697e-01  -5.7890499e-07   6.8809667e-01  -1.1045967e-01
   3.2481798e+00  -1.1963362e+00   4.6366992e-01  -7.4597116e-07   6.8802636e-01  -1.0658669e-01
   3.2443034e+00  -1.1962092e+00   4.6367058e-01  -8.7995666e-07   6.8795918e-01  -1.0271031e-01
   3.2404237e+00  -1.1960722e+00   4.6364700e-01  -6.5663515e-08   6.8790463e-01  -9.8831020e-02
   3.2365407e+00  -1.1959608e+00   4.6366033e-01  -8.3445999e-08   6.8783613e-01  -9.4947999e-02
   3.2326546e+00  -1.1958496e+00   4.6366611e-01  -1.5946454e-07   6.8777335e-01  -9.1061830e-02
   3.2287717e+00  -1.1957236e+00   4.6366908e-01  -7.6827465e-07   6.8770475e-01  -8.7178639e-02
   3.2248867e+00  -1.1955974e+00   4.6367025e-01  -8.6458730e-07   6.8763738e-01  -8.3293627e-02
   3.2209985e+00  -1.1954610e+00   4.6364701e-01  -5.9927195e-08   6.8758275e-01  -7.9405803e-02
   3.2171069e+00  -1.1953502e+00   4.6366034e-01  -8.2894648e-08   6.8751432e-01  -7.5514149e-02
   3.2132122e+00  -1.1952395e+00   4.6366613e-01  -1.6299023e-07   6.8745162e-01  -7.1619436e-02
   3.2093161e+00  -1.1951267e+00   4.6366886e-01  -2.0703410e-07   6.8739004e-01  -6.7723368e-02
   3.2054231e+00  -1.1950004e+00   4.6367024e-01  -8.5412360e-07   6.8732218e-01  -6.3829981e-02
   3.2015267e+00  -1.1948637e+00   4.6364698e-01  -6.4926477e-08   6.8726720e-01  -5.9934019e-02
   3.1976271e+00  -1.1947526e+00   4.6366039e-01  -7.4471580e-08   6.8719838e-01  -5.6034355e-02
   3.1937242e+00  -1.1946416e+00   4.6366625e-01  -1.6183308e-07   6.8713530e-01  -5.2131481e-02
   3.1898183e+00  -1.1945329e+00   4.6366857e-01  -1.8786731e-07   6.8707604e-01  -4.8225609e-02
   3.1859152e+00  -1.1943989e+00   4.6364703e-01  -5.4525655e-08   6.8702092e-01  -4.4322531e-02
   3.1820112e+00  -1.1942823e+00   4.6366047e-01  -3.4740441e-07   6.8694897e-01  -4.0418377e-02
   3.1781038e+00  -1.1941661e+00   4.6366690e-01  -1.6012050e-07   6.8688262e-01  -3.6511076e-02
   3.1741933e+00  -1.1940521e+00   4.6366946e-01  -2.0811443e-07   6.8682019e-01  -3.2600586e-02
   3.1702798e+00  -1.1939413e+00   4.6367023e-01  -2.1509507e-07   6.8676078e-01  -2.8687005e-02
   3.1663657e+00  -1.1938278e+00   4.6367088e-01  -2.2515540e-07   6.8669993e-01  -2.4772946e-02
   3.1624544e+00  -1.1937018e+00   4.6367113e-01  -9.2180119e-07   6.8663261e-01  -2.0861263e-02
   3.1585398e+00  -1.1935656e+00   4.6364708e-01  -5.5414236e-08   6.8657806e-01  -1.6947065e-02
   3.1546218e+00  -1.1934555e+00   4.6366040e-01  -7.5964923e-08   6.8650942e-01  -1.3029113e-02
   3.1507008e+00  -1.1933457e+00   4.6366627e-01  -1.6644300e-07   6.8644654e-01  -9.1080992e-03
   3.1467769e+00  -1.1932381e+00   4.6366863e-01  -1.8460495e-07   6.8638743e-01  -5.1841190e-03
   3.1428586e+00  -1.1931100e+00   4.6367071e-01  -8.1479507e-07   6.8631746e-01  -1.2654891e-03
   3.1389369e+00  -1.1929852e+00   4.6367099e-01  -9.1517241e-07   6.8625056e-01   2.6561368e-03
   3.1350120e+00  -1.1928503e+00   4.6364697e-01  -2.6691142e-08   6.8619646e-01   6.5806091e-03
   3.1310838e+00  -1.1927415e+00   4.6366028e-01  -4.6175595e-08   6.8612831e-01   1.0508848e-02
   3.1271525e+00  -1.1926330e+00   4.6366616e-01  -1.2052614e-07   6.8606592e-01   1.4440148e-02
   3.1232259e+00  -1.1925062e+00   4.6366963e-01  -7.2511094e-07   6.8599543e-01   1.8367141e-02
   3.1192974e+00  -1.1923780e+00   4.6367123e-01  -8.0064375e-07   6.8592556e-01   2.2295621e-02
   3.1153657e+00  -1.1922389e+00   4.6364693e-01  -3.7488291e-08   6.8586921e-01   2.6226993e-02
   3.1114305e+00  -1.1921262e+00   4.6366068e-01  -3.8658134e-08   6.8579848e-01   3.0162175e-02
   3.1074920e+00  -1.1920138e+00   4.6366681e-01  -1.2777393e-07   6.8573361e-01   3.4100672e-02
   3.1035581e+00  -1.1918842e+00   4.6367041e-01  -6.7409119e-07   6.8566129e-01   3.8034941e-02
   3.0996231e+00  -1.1917509e+00   4.6367240e-01  -7.4853083e-07   6.8558824e-01   4.1969982e-02
   3.0956845e+00  -1.1916211e+00   4.6367265e-01  -8.7217966e-07   6.8551824e-01   4.5908548e-02
   3.0917426e+00  -1.1914803e+00   4.6364688e-01  -5.0339279e-08   6.8546181e-01   4.9850100e-02
   3.0877971e+00  -1.1913670e+00   4.6366079e-01  -4.0107700e-08   6.8539037e-01   5.3795523e-02
   3.0838569e+00  -1.1912330e+00   4.6366859e-01  -4.4180875e-07   6.8531234e-01   5.7735944e-02
   3.0799155e+00  -1.1910944e+00   4.6367247e-01  -5.5174037e-07   6.8523484e-01   6.1677444e-02
   3.0759704e+00  -1.1909588e+00   4.6367368e-01  -7.4016266e-07   6.8516079e-01   6.5622679e-02
   3.0720216e+00  -1.1908269e+00   4.6367362e-01  -8.4563841e-07   6.8508962e-01   6.9571471e-02
   3.0680693e+00  -1.1906837e+00   4.6364691e-01  -5.0936485e-08   6.8503230e-01   7.3523316e-02
   3.0641244e+00  -1.1905434e+00   4.6366329e-01  -1.0626444e-07   6.8494416e-01   7.7468306e-02
   3.0601767e+00  -1.1903857e+00   4.6364696e-01  -2.1979181e-08   6.8487113e-01   8.1415907e-02
   3.0562250e+00  -1.1902507e+00   4.6366276e-01  -1.6976918e-07   6.8478620e-01   8.5367710e-02
   3.0522695e+00  -1.1901153e+00   4.6366973e-01  -4.6590367e-07   6.8470768e-01   8.9323456e-02
   3.0483118e+00  -1.1899786e+00   4.6367287e-01  -6.2732030e-07   6.8463125e-01   9.3281192e-02
   3.0443623e+00  -1.1898017e+00   4.6364669e-01  -1.0428859e-07   6.8455495e-01   9.7230445e-02
   3.0404083e+00  -1.1896540e+00   4.6366331e-01  -5.4952921e-07   6.8446209e-01   1.0118469e-01
   3.0364502e+00  -1.1894919e+00   4.6364689e-01  -6.2562264e-08   6.8438659e-01   1.0514244e-01
   3.0324880e+00  -1.1893528e+00   4.6366324e-01  -1.2798115e-07   6.8429874e-01   1.0910476e-01
   3.0285281e+00  -1.1891995e+00   4.6367065e-01  -1.1344148e-06   6.8420948e-01   1.1306516e-01
   3.0245728e+00  -1.1890138e+00   4.6364658e-01  -1.8100219e-07   6.8412675e-01   1.1701993e-01
   3.0206126e+00  -1.1888566e+00   4.6366442e-01  -4.8443567e-07   6.8402760e-01   1.2098032e-01
   3.0166479e+00  -1.1886983e+00   4.6367197e-01  -1.0395818e-06   6.8393550e-01   1.2494536e-01
   3.0126791e+00  -1.1885253e+00   4.6364683e-01  -8.5633187e-08   6.8386027e-01   1.2891363e-01
   3.0087198e+00  -1.1883541e+00   4.6366604e-01  -4.2093350e-07   6.8375222e-01   1.3287308e-01
   3.0047584e+00  -1.1881762e+00   4.6367505e-01  -8.6191599e-07   6.8364822e-01   1.3683480e-01
   3.0007922e+00  -1.1879808e+00   4.6364639e-01  -2.4569338e-07   6.8356301e-01   1.4080055e-01
   2.9968211e+00  -1.1878171e+00   4.6366513e-01  -4.3043077e-07   6.8345918e-01   1.4477178e-01
   2.9928515e+00  -1.1876413e+00   4.6367451e-01  -8.6031947e-07   6.8335581e-01   1.4874168e-01
   2.9888899e+00  -1.1874250e+00   4.6364719e-01   1.7083857e-08   6.8325797e-01   1.5270274e-01
   2.9849226e+00  -1.1872405e+00   4.6366767e-01  -3.9396343e-07   6.8314111e-01   1.5667031e-01
   2.9809502e+00  -1.1870367e+00   4.6364643e-01  -3.1116646e-07   6.8304519e-01   1.6064262e-01
   2.9769726e+00  -1.1868608e+00   4.6366650e-01  -4.0335933e-07   6.8293331e-01   1.6462031e-01
   2.9729990e+00  -1.1866503e+00   4.6364630e-01  -3.5315979e-07   6.8283268e-01   1.6859383e-01
   2.9690210e+00  -1.1864658e+00   4.6366737e-01  -3.8396111e-07   6.8271515e-01   1.7257191e-01
   2.9650378e+00  -1.1862618e+00   4.6364636e-01  -3.1974066e-07   6.8261858e-01   1.7655504e-01
   2.9610494e+00  -1.1860858e+00   4.6366656e-01  -3.9050231e-07   6.8250613e-01   1.8054347e-01
   2.9570557e+00  -1.1859081e+00   4.6367562e-01  -8.8240551e-07   6.8240114e-01   1.8453747e-01
   2.9530575e+00  -1.1857127e+00   4.6364643e-01  -2.6056362e-07   6.8231529e-01   1.8853530e-01
   2.9490543e+00  -1.1855494e+00   4.6366528e-01  -4.4330427e-07   6.8221061e-01   1.9253863e-01
   2.9450463e+00  -1.1853849e+00   4.6367361e-01  -9.4370635e-07   6.8211318e-01   1.9654689e-01
   2.9410339e+00  -1.1852044e+00   4.6364661e-01  -1.4518919e-07   6.8203380e-01   2.0055879e-01
   2.9370198e+00  -1.1850486e+00   4.6366457e-01  -4.9272730e-07   6.8193368e-01   2.0457315e-01
   2.9330079e+00  -1.1848781e+00   4.6367410e-01  -8.8207876e-07   6.8183188e-01   2.0858525e-01
   2.9289916e+00  -1.1846908e+00   4.6364652e-01  -1.8697303e-07   6.8174885e-01   2.1260112e-01
   2.9249800e+00  -1.1845178e+00   4.6366641e-01  -3.9986262e-07   6.8163759e-01   2.1661288e-01
   2.9209803e+00  -1.1842954e+00   4.6364703e-01   2.0662266e-09   6.8152874e-01   2.2061230e-01
   2.9169749e+00  -1.1841010e+00   4.6366893e-01  -3.6554922e-07   6.8140374e-01   2.2461798e-01
   2.9129973e+00  -1.1838366e+00   4.6364701e-01  -2.1323578e-08   6.8127316e-01   2.2859532e-01
   2.9090225e+00  -1.1835746e+00   4.6364688e-01  -5.6364277e-08   6.8112701e-01   2.3257015e-01
   2.9050810e+00  -1.1832886e+00   4.6367849e-01  -4.7080753e-07   6.8094300e-01   2.3651196e-01
   2.9011658e+00  -1.1829314e+00   4.6364709e-01   1.6085638e-08   6.8076727e-01   2.4042687e-01
   2.8973297e+00  -1.1825452e+00   4.6369104e-01   8.2326768e-07   6.8051674e-01   2.4426240e-01
   2.8935490e+00  -1.1820603e+00   4.6364666e-01  -8.8712967e-09   6.8027896e-01   2.4804371e-01
   2.8900192e+00  -1.1814451e+00   4.6364647e-01  -1.2862490e-08   6.7993285e-01   2.5157347e-01
   2.8869181e+00  -1.1806586e+00   4.6364654e-01   4.0271680e-09   6.7948882e-01   2.5467458e-01
   2.8847579e+00  -1.1796389e+00   4.6364709e-01   2.9880429e-08   6.7891056e-01   2.5683469e-01
   2.8842976e+00  -1.1784368e+00   4.6364644e-01   5.5576134e-08   6.7822661e-01   2.5729499e-01
   2.8855938e+00  -1.1772701e+00   4.6364698e-01   2.0732300e-08   6.7755859e-01   2.5599881e-01
   2.8879058e+00  -1.1762410e+00   4.6364709e-01  -1.9981968e-08   6.7696700e-01   2.5368688e-01
   2.8906817e+00  -1.1753145e+00   4.6364685e-01  -2.2534853e-08   6.7643249e-01   2.5091100e-01
   2.8936953e+00  -1.1744964e+00   4.6373680e-01   8.5760664e-07   6.7588844e-01   2.4789560e-01
   2.8969696e+00  -1.1736586e+00   4.6364624e-01  -5.4764678e-09   6.7547230e-01   2.4462300e-01
   2.9003497e+00  -1.1729066e+00   4.6364647e-01  -1.0011191e-09   6.7503376e-01   2.4124292e-01
   2.9038606e+00  -1.1722021e+00   4.6364678e-01  -8.4660124e-09   6.7462168e-01   2.3773202e-01
   2.9074090e+00  -1.1715084e+00   4.6364685e-01  -1.0367497e-08   6.7421503e-01   2.3418370e-01
   2.9110252e+00  -1.1708405e+00   4.6364702e-01  -1.4395398e-08   6.7382236e-01   2.3056743e-01
   2.9146577e+00  -1.1701743e+00   4.6364696e-01  -1.9151360e-08   6.7342983e-01   2.2693501e-01
   2.9183062e+00  -1.1695100e+00   4.6364699e-01  -1.9016218e-08   6.7303737e-01   2.2328651e-01
   2.9219709e+00  -1.1688476e+00   4.6364706e-01  -1.4129638e-08   6.7264504e-01   2.1962175e-01
   2.9256518e+00  -1.1681872e+00   4.6364704e-01  -1.0057875e-08   6.7225293e-01   2.1594082e-01
   2.9293490e+00  -1.1675287e+00   4.6364702e-01  -1.7826077e-08   6.7186107e-01   2.1224371e-01
   2.9330654e+00  -1.1668730e+00   4.6364559e-01   1.1338378e-07   6.7147078e-01   2.0852699e-01
   2.9368227e+00  -1.1662337e+00   4.6364580e-01   7.4224925e-08   6.7108834e-01   2.0476981e-01
   2.9405959e+00  -1.1655967e+00   4.6364587e-01   7.3005979e-08   6.7070640e-01   2.0099658e-01
   2.9443851e+00  -1.1649620e+00   4.6364587e-01   7.0465005e-08   6.7032504e-01   1.9720741e-01
   2.9482296e+00  -1.1643523e+00   4.6364627e-01   2.1602330e-08   6.6995766e-01   1.9336298e-01
   2.9521006e+00  -1.1637516e+00   4.6364636e-01   1.8235395e-08   6.6959507e-01   1.8949196e-01
   2.9559870e+00  -1.1631537e+00   4.6364634e-01   1.7635888e-08   6.6923348e-01   1.8560555e-01
   2.9599036e+00  -1.1625680e+00   4.6364639e-01   8.8073639e-09   6.6887844e-01   1.8168902e-01
   2.9638645e+00  -1.1620039e+00   4.6364663e-01  -5.4688017e-09   6.6853569e-01   1.7772811e-01
   2.9678402e+00  -1.1614430e+00   4.6364672e-01  -7.0131179e-09   6.6819431e-01   1.7375239e-01
   2.9718308e+00  -1.1608854e+00   4.6364677e-01  -6.9243187e-09   6.6785433e-01   1.6976186e-01
   2.9758660e+00  -1.1603847e+00   4.6370612e-01   1.5671216e-07   6.6750125e-01   1.6572598e-01
   2.9799232e+00  -1.1598275e+00   4.6364625e-01  -7.0034813e-09   6.6720790e-01   1.6166945e-01
   2.9839953e+00  -1.1593393e+00   4.6370428e-01   9.3394529e-08   6.6686220e-01   1.5759661e-01
   2.9880833e+00  -1.1587935e+00   4.6364655e-01   2.1901314e-08   6.6657325e-01   1.5350935e-01
   2.9922156e+00  -1.1583066e+00   4.6364669e-01   8.5660391e-09   6.6627362e-01   1.4937699e-01
   2.9963613e+00  -1.1578236e+00   4.6364619e-01  -1.5948885e-07   6.6597638e-01   1.4523142e-01
   3.0005200e+00  -1.1573447e+00   4.6364580e-01  -3.8281541e-07   6.6568115e-01   1.4107279e-01
   3.0047006e+00  -1.1569082e+00   4.6370054e-01  -6.3784724e-07   6.6536741e-01   1.3689231e-01
   3.0089132e+00  -1.1564325e+00   4.6364667e-01   4.0933082e-09   6.6511614e-01   1.3267947e-01
   3.0131384e+00  -1.1559916e+00   4.6364692e-01   1.6519429e-08   6.6484259e-01   1.2845425e-01
   3.0173758e+00  -1.1555842e+00   4.6369871e-01  -2.8127410e-07   6.6454807e-01   1.2421714e-01
   3.0216344e+00  -1.1551321e+00   4.6364659e-01  -4.4322361e-09   6.6430879e-01   1.1995822e-01
   3.0259201e+00  -1.1547548e+00   4.6369343e-01   1.9238661e-07   6.6403637e-01   1.1567245e-01
   3.0302166e+00  -1.1543299e+00   4.6364669e-01  -8.3358011e-09   6.6380893e-01   1.1137605e-01
   3.0345247e+00  -1.1539612e+00   4.6369147e-01   6.5492382e-07   6.6354233e-01   1.0706765e-01
   3.0388503e+00  -1.1535549e+00   4.6364632e-01   4.7261164e-08   6.6332510e-01   1.0274236e-01
   3.0432003e+00  -1.1532173e+00   4.6368826e-01   3.5706153e-07   6.6308018e-01   9.8392117e-02
   3.0475605e+00  -1.1528375e+00   4.6364571e-01   2.1708516e-07   6.6287629e-01   9.4032038e-02
   3.0519308e+00  -1.1525100e+00   4.6368688e-01   2.9118885e-07   6.6263796e-01   8.9661687e-02
   3.0563139e+00  -1.1521453e+00   4.6364552e-01   3.0727173e-07   6.6244199e-01   8.5278523e-02
   3.0607209e+00  -1.1518474e+00   4.6368218e-01   9.7167334e-07   6.6222497e-01   8.0871142e-02
   3.0651363e+00  -1.1515148e+00   4.6364691e-01  -1.0586725e-08   6.6204461e-01   7.6456371e-02
   3.0695613e+00  -1.1512270e+00   4.6368193e-01   9.5410260e-07   6.6183474e-01   7.2030729e-02
   3.0739944e+00  -1.1509058e+00   4.6364682e-01  -7.5231464e-09   6.6166092e-01   6.7598204e-02
   3.0784492e+00  -1.1506459e+00   4.6367882e-01   8.6795018e-07   6.6147081e-01   6.3142906e-02
   3.0829128e+00  -1.1503576e+00   4.6364557e-01   3.8588719e-07   6.6131571e-01   5.8679591e-02
   3.0873845e+00  -1.1501111e+00   4.6367668e-01   8.2648485e-07   6.6113470e-01   5.4207577e-02
   3.0918635e+00  -1.1498358e+00   4.6364578e-01   3.3585055e-07   6.6098566e-01   4.9728934e-02
   3.0963553e+00  -1.1496098e+00   4.6367549e-01   1.7621970e-07   6.6081884e-01   4.5237275e-02
   3.1008597e+00  -1.1493668e+00   4.6364614e-01   1.7961123e-07   6.6068843e-01   4.0732875e-02
   3.1053707e+00  -1.1491616e+00   4.6367332e-01   1.9793924e-07   6.6053655e-01   3.6221803e-02
   3.1098881e+00  -1.1489564e+00   4.6368949e-01   5.5306146e-07   6.6039339e-01   3.1704170e-02
   3.1144115e+00  -1.1487238e+00   4.6364633e-01   1.1224384e-07   6.6028041e-01   2.7181058e-02
   3.1189488e+00  -1.1485522e+00   4.6366952e-01   2.8780600e-07   6.6015275e-01   2.2643653e-02
   3.1234920e+00  -1.1483827e+00   4.6368284e-01   8.0047864e-07   6.6003413e-01   1.8100154e-02
   3.1280402e+00  -1.1481914e+00   4.6364690e-01  -5.4752576e-09   6.5994169e-01   1.3552475e-02
   3.1325935e+00  -1.1480386e+00   4.6366808e-01   6.2812413e-08   6.5982744e-01   8.9991440e-03
   3.1371531e+00  -1.1478920e+00   4.6368018e-01   3.4483723e-07   6.5972437e-01   4.4393860e-03
   3.1417212e+00  -1.1477609e+00   4.6368512e-01   6.4060233e-07   6.5963678e-01  -1.2884443e-04
   3.1462933e+00  -1.1476350e+00   4.6368882e-01   1.0983846e-07   6.5955386e-01  -4.7006545e-03
   3.1508691e+00  -1.1475145e+00   4.6369037e-01   1.2152386e-07   6.5947584e-01  -9.2764466e-03
   3.1554483e+00  -1.1473997e+00   4.6369065e-01   1.1739013e-07   6.5940243e-01  -1.3855692e-02
   3.1600328e+00  -1.1472985e+00   4.6368917e-01   1.1139408e-07   6.5933913e-01  -1.8440171e-02
   3.1646220e+00  -1.1472120e+00   4.6368647e-01   1.4386676e-07   6.5928613e-01  -2.3029524e-02
   3.1692135e+00  -1.1471105e+00   4.6364612e-01   1.0825271e-07   6.5925363e-01  -2.7621008e-02
   3.1738073e+00  -1.1470446e+00   4.6365749e-01   4.7273766e-08   6.5920250e-01  -3.2214650e-02
   3.1784031e+00  -1.1469828e+00   4.6366400e-01   7.3174156e-08   6.5915782e-01  -3.6810531e-02
   3.1830016e+00  -1.1469297e+00   4.6366635e-01   3.3972437e-07   6.5912202e-01  -4.1409323e-02
   3.1876023e+00  -1.1468924e+00   4.6366589e-01   4.0744274e-07   6.5909874e-01  -4.6010146e-02
   3.1922042e+00  -1.1468624e+00   4.6366466e-01   3.7195804e-07   6.5908061e-01  -5.0612013e-02
   3.1968065e+00  -1.1468391e+00   4.6366379e-01   4.6458429e-08   6.5906644e-01  -5.5213929e-02
   3.2014094e+00  -1.1468205e+00   4.6366395e-01  -7.1851153e-07   6.5905234e-01  -5.9816135e-02
   3.2060131e+00  -1.1468115e+00   4.6366337e-01  -8.1611191e-07   6.5904806e-01  -6.4419804e-02
   3.2106168e+00  -1.1468143e+00   4.6364815e-01  -1.8025886e-09   6.5906264e-01  -6.9024111e-02
   3.2152197e+00  -1.1468357e+00   4.6364900e-01  -1.7197697e-07   6.5907662e-01  -7.3626923e-02
   3.2198220e+00  -1.1468625e+00   4.6364878e-01  -1.7634186e-07   6.5909426e-01  -7.8229225e-02
   3.2244233e+00  -1.1468954e+00   4.6364783e-01  -3.2237425e-07   6.5911645e-01  -8.2830255e-02
   3.2290235e+00  -1.1469346e+00   4.6364640e-01  -3.6691944e-07   6.5914310e-01  -8.7430372e-02
   3.2336214e+00  -1.1469883e+00   4.6364331e-01  -6.4273553e-08   6.5917797e-01  -9.2028654e-02
   3.2382165e+00  -1.1470551e+00   4.6364026e-01  -5.6173982e-08   6.5922307e-01  -9.6623785e-02
   3.2428095e+00  -1.1471287e+00   4.6363762e-01   7.4840649e-10   6.5927215e-01  -1.0121681e-01
   3.2474003e+00  -1.1472089e+00   4.6363526e-01   6.7924033e-08   6.5932523e-01  -1.0580768e-01
   3.2519883e+00  -1.1472955e+00   4.6363282e-01  -2.3760652e-08   6.5938242e-01  -1.1039562e-01
   3.2565717e+00  -1.1473961e+00   4.6362929e-01  -3.3263206e-07   6.5944922e-01  -1.1497873e-01
   3.2611503e+00  -1.1475101e+00   4.6362595e-01   2.5643765e-08   6.5952483e-01  -1.1955763e-01
   3.2657252e+00  -1.1476311e+00   4.6362303e-01   4.1051082e-08   6.5960426e-01  -1.2413259e-01
   3.2702965e+00  -1.1477587e+00   4.6362045e-01   5.2455885e-08   6.5968759e-01  -1.2870382e-01
   3.2748637e+00  -1.1478928e+00   4.6361811e-01   6.3361412e-08   6.5977483e-01  -1.3327109e-01
   3.2794259e+00  -1.1480366e+00   4.6361637e-01   4.9096136e-07   6.5986795e-01  -1.3783348e-01
   3.2839794e+00  -1.1481977e+00   4.6361295e-01   3.6032246e-07   6.5997300e-01  -1.4238694e-01
   3.2885280e+00  -1.1483652e+00   4.6361010e-01   3.0943984e-07   6.6008174e-01  -1.4693551e-01
   3.2930716e+00  -1.1485622e+00   4.6364849e-01   2.8817058e-07   6.6017629e-01  -1.5147908e-01
   3.2976098e+00  -1.1487342e+00   4.6363139e-01   2.0047414e-07   6.6029926e-01  -1.5601724e-01
   3.3021427e+00  -1.1489156e+00   4.6362020e-01   4.7249805e-07   6.6042345e-01  -1.6055031e-01
   3.3066643e+00  -1.1491165e+00   4.6361123e-01   5.2319423e-07   6.6055797e-01  -1.6507200e-01
   3.3111787e+00  -1.1493270e+00   4.6360483e-01   6.3632837e-07   6.6069654e-01  -1.6958646e-01
   3.3156866e+00  -1.1495717e+00   4.6364802e-01   7.3825301e-08   6.6081686e-01  -1.7409394e-01
   3.3201880e+00  -1.1497857e+00   4.6362621e-01   1.1741239e-07   6.6096987e-01  -1.7859545e-01
   3.3246828e+00  -1.1500099e+00   4.6361211e-01   3.4188256e-07   6.6112306e-01  -1.8309039e-01
   3.3291676e+00  -1.1502738e+00   4.6364826e-01   1.5322992e-07   6.6126090e-01  -1.8757508e-01
   3.3336404e+00  -1.1505172e+00   4.6362293e-01   9.6162471e-08   6.6143494e-01  -1.9204778e-01
   3.3381055e+00  -1.1507951e+00   4.6364846e-01   2.8467184e-07   6.6159000e-01  -1.9651307e-01
   3.3425631e+00  -1.1510500e+00   4.6362253e-01   6.0931612e-07   6.6177170e-01  -2.0097082e-01
   3.3470125e+00  -1.1513396e+00   4.6364860e-01   3.2597744e-07   6.6193315e-01  -2.0542003e-01
   3.3514541e+00  -1.1516052e+00   4.6362140e-01   6.1273241e-07   6.6212234e-01  -2.0986181e-01
   3.3558795e+00  -1.1519171e+00   4.6364750e-01  -4.2363237e-08   6.6229722e-01  -2.1428679e-01
   3.3602953e+00  -1.1522059e+00   4.6361823e-01   7.0148696e-07   6.6250252e-01  -2.1870308e-01
   3.3647016e+00  -1.1525328e+00   4.6364751e-01  -3.9768521e-08   6.6268389e-01  -2.2310894e-01
   3.3690995e+00  -1.1528319e+00   4.6361715e-01   7.5117662e-07   6.6289627e-01  -2.2750735e-01
   3.3734878e+00  -1.1531704e+00   4.6364753e-01  -4.5519569e-08   6.6308358e-01  -2.3189514e-01
   3.3778654e+00  -1.1534822e+00   4.6361589e-01   8.3840706e-07   6.6330455e-01  -2.3627324e-01
   3.3822247e+00  -1.1538452e+00   4.6364874e-01   2.6893926e-07   6.6350490e-01  -2.4063218e-01
   3.3865743e+00  -1.1541753e+00   4.6361339e-01   1.9357003e-07   6.6373913e-01  -2.4498178e-01
   3.3909140e+00  -1.1545502e+00   4.6364856e-01   1.9778774e-07   6.6394499e-01  -2.4932149e-01
   3.3952436e+00  -1.1548901e+00   4.6361224e-01   2.3647515e-07   6.6418571e-01  -2.5365107e-01
   3.3995628e+00  -1.1552759e+00   4.6364843e-01   1.3297658e-07   6.6439691e-01  -2.5797018e-01
   3.4038666e+00  -1.1556307e+00   4.6361058e-01   3.3588164e-07   6.6464769e-01  -2.6227411e-01
   3.4081535e+00  -1.1560389e+00   4.6364793e-01   2.6060455e-09   6.6487113e-01  -2.6656084e-01
   3.4124299e+00  -1.1564091e+00   4.6360881e-01   5.3070526e-07   6.6513226e-01  -2.7083751e-01
   3.4166949e+00  -1.1568280e+00   4.6364780e-01  -2.6439280e-08   6.6536010e-01  -2.7510218e-01
   3.4209491e+00  -1.1572076e+00   4.6360804e-01   5.9166869e-07   6.6562715e-01  -2.7935674e-01
   3.4251916e+00  -1.1576362e+00   4.6364762e-01  -4.8200182e-08   6.6585968e-01  -2.8359886e-01
   3.4294154e+00  -1.1580310e+00   4.6360527e-01   2.4786789e-07   6.6613713e-01  -2.8782279e-01
   3.4336232e+00  -1.1584425e+00   4.6357784e-01   1.8480650e-07   6.6641203e-01  -2.9203059e-01
   3.4378189e+00  -1.1589142e+00   4.6364924e-01  -2.6802835e-08   6.6664559e-01  -2.9622613e-01
   3.4420030e+00  -1.1593248e+00   4.6360375e-01  -1.3674374e-08   6.6693365e-01  -3.0041027e-01
   3.4461749e+00  -1.1597902e+00   4.6364837e-01  -1.3496412e-07   6.6718342e-01  -3.0458206e-01
   3.4503346e+00  -1.1602346e+00   4.6364751e-01  -1.6820394e-08   6.6745611e-01  -3.0874197e-01
   3.4544732e+00  -1.1606651e+00   4.6360029e-01  -4.7055227e-07   6.6775699e-01  -3.1288021e-01
   3.4585952e+00  -1.1611556e+00   4.6364772e-01  -2.8953576e-08   6.6801838e-01  -3.1700256e-01
   3.4627055e+00  -1.1615965e+00   4.6359939e-01  -6.8927989e-07   6.6832559e-01  -3.2111252e-01
   3.4668021e+00  -1.1620957e+00   4.6364762e-01  -2.0333258e-08   6.6859071e-01  -3.2520947e-01
   3.4708865e+00  -1.1625722e+00   4.6364848e-01  -3.4594223e-07   6.6887940e-01  -3.2929365e-01
   3.4749578e+00  -1.1630521e+00   4.6364803e-01  -1.5936601e-07   6.6917064e-01  -3.3336506e-01
   3.4790071e+00  -1.1635161e+00   4.6359829e-01  -1.8822136e-07   6.6949113e-01  -3.3741486e-01
   3.4830385e+00  -1.1640416e+00   4.6364839e-01  -3.6112879e-08   6.6976870e-01  -3.4144588e-01
   3.4870575e+00  -1.1645145e+00   4.6359711e-01  -2.1660835e-08   6.7009434e-01  -3.4546510e-01
   3.4910624e+00  -1.1650478e+00   4.6364756e-01  -1.2360874e-08   6.7037548e-01  -3.4946977e-01
   3.4950552e+00  -1.1655292e+00   4.6359725e-01   2.0076558e-08   6.7070483e-01  -3.5346333e-01
   3.4990328e+00  -1.1660693e+00   4.6364789e-01  -1.0909267e-08   6.7098834e-01  -3.5744016e-01
   3.5029892e+00  -1.1665625e+00   4.6359564e-01   1.3016267e-07   6.7132486e-01  -3.6139727e-01
   3.5069261e+00  -1.1671203e+00   4.6364829e-01  -3.5416794e-08   6.7161654e-01  -3.6533345e-01
   3.5108500e+00  -1.1676226e+00   4.6359476e-01   1.9310329e-07   6.7195811e-01  -3.6925797e-01
   3.5147593e+00  -1.1681878e+00   4.6364852e-01  -1.8174608e-08   6.7225223e-01  -3.7316674e-01
   3.5186550e+00  -1.1687265e+00   4.6364858e-01   2.3448646e-08   6.7257214e-01  -3.7706253e-01
   3.5225367e+00  -1.1692683e+00   4.6364875e-01   4.5552399e-08   6.7289314e-01  -3.8094430e-01
   3.5264010e+00  -1.1698143e+00   4.6364757e-01  -5.0894521e-08   6.7321681e-01  -3.8480831e-01
   3.5302475e+00  -1.1703667e+00   4.6364769e-01  -4.9196051e-08   6.7354271e-01  -3.8865477e-01
   3.5340797e+00  -1.1709219e+00   4.6364771e-01  -4.3855918e-08   6.7386971e-01  -3.9248703e-01
   3.5378978e+00  -1.1714800e+00   4.6364771e-01  -4.5574347e-08   6.7419771e-01  -3.9630507e-01
   3.5417017e+00  -1.1720411e+00   4.6364775e-01  -4.1712371e-08   6.7452667e-01  -4.0010902e-01
   3.5454912e+00  -1.1726049e+00   4.6364779e-01  -4.2052049e-08   6.7485653e-01  -4.0389853e-01
   3.5492664e+00  -1.1731713e+00   4.6364773e-01  -4.3220179e-08   6.7518730e-01  -4.0767371e-01
   3.5530272e+00  -1.1737405e+00   4.6364773e-01  -3.9611714e-08   6.7551887e-01  -4.1143456e-01
   3.5567737e+00  -1.1743124e+00   4.6364782e-01  -4.2287446e-08   6.7585118e-01  -4.1518105e-01
   3.5605058e+00  -1.1748869e+00   4.6364785e-01  -3.9405047e-08   6.7618425e-01  -4.1891315e-01
   3.5642237e+00  -1.1754638e+00   4.6364780e-01  -3.8857240e-08   6.7651807e-01  -4.2263100e-01
   3.5679269e+00  -1.1760433e+00   4.6364788e-01  -3.9443263e-08   6.7685247e-01  -4.2633427e-01
   3.5716158e+00  -1.1766251e+00   4.6364779e-01  -3.4490142e-08   6.7718754e-01  -4.3002311e-01
   3.5752901e+00  -1.1772094e+00   4.6364787e-01  -3.5796240e-08   6.7752311e-01  -4.3369748e-01
   3.5789500e+00  -1.1777959e+00   4.6364783e-01  -3.8743890e-08   6.7785924e-01  -4.3735736e-01
   3.5825955e+00  -1.1783848e+00   4.6364786e-01  -3.4248002e-08   6.7819583e-01  -4.4100279e-01
   3.5862264e+00  -1.1789758e+00   4.6364791e-01  -3.0471104e-08   6.7853285e-01  -4.4463372e-01
   3.5898428e+00  -1.1795691e+00   4.6364794e-01  -2.8617723e-08   6.7887027e-01  -4.4825013e-01
   3.5934447e+00  -1.1801644e+00   4.6364796e-01  -3.2865607e-08   6.7920805e-01  -4.5185204e-01
   3.5970321e+00  -1.1807619e+00   4.6364799e-01  -2.8895410e-08   6.7954614e-01  -4.5543944e-01
   3.6006050e+00  -1.1813613e+00   4.6364795e-01  -2.8015876e-08   6.7988454e-01  -4.5901232e-01
   3.6041633e+00  -1.1819627e+00   4.6364800e-01  -2.5433467e-08   6.8022312e-01  -4.6257067e-01
   3.6077071e+00  -1.1825661e+00   4.6364800e-01  -1.9946975e-08   6.8056193e-01  -4.6611450e-01
   3.6112366e+00  -1.1831713e+00   4.6364800e-01  -2.2665383e-08   6.8090089e-01  -4.6964395e-01
   3.6147514e+00  -1.1837784e+00   4.6364800e-01  -2.3646101e-08   6.8123996e-01  -4.7315873e-01
   3.6182516e+00  -1.1843872e+00   4.6364808e-01  -2.4018273e-08   6.8157908e-01  -4.7665899e-01
   3.6217374e+00  -1.1849978e+00   4.6364802e-01  -2.0609667e-08   6.8191829e-01  -4.8014474e-01
   3.6252086e+00  -1.1856101e+00   4.6364806e-01  -2.0838822e-08   6.8225746e-01  -4.8361599e-01
   3.6286654e+00  -1.1862240e+00   4.6364810e-01  -1.5518788e-08   6.8259659e-01  -4.8707273e-01
   3.6321077e+00  -1.1868395e+00   4.6364810e-01  -1.9654076e-08   6.8293568e-01  -4.9051511e-01
   3.6355355e+00  -1.1874566e+00   4.6364815e-01  -1.1043627e-08   6.8327461e-01  -4.9394288e-01
   3.6389488e+00  -1.1880751e+00   4.6364814e-01  -8.0260849e-09   6.8361344e-01  -4.9735618e-01
   3.6423476e+00  -1.1886952e+00   4.6364814e-01  -1.1192976e-08   6.8395207e-01  -5.0075502e-01
   3.6457320e+00  -1.1893166e+00   4.6364818e-01  -4.2912925e-09   6.8429046e-01  -5.0413940e-01
   3.6491020e+00  -1.1899394e+00   4.6364816e-01  -2.8080891e-09   6.8462862e-01  -5.0750936e-01
   3.6524575e+00  -1.1905635e+00   4.6364813e-01  -8.7718376e-09   6.8496649e-01  -5.1086489e-01
   3.6557986e+00  -1.1911890e+00   4.6364825e-01  -4.1755450e-09   6.8530399e-01  -5.1420604e-01
   3.6591254e+00  -1.1918156e+00   4.6364823e-01   2.5531076e-09   6.8564118e-01  -5.1753282e-01
   3.6624378e+00  -1.1924435e+00   4.6364829e-01   3.7312632e-10   6.8597795e-01  -5.2084522e-01
   3.6657359e+00  -1.1930725e+00   4.6364824e-01  -7.8955185e-10   6.8631432e-01  -5.2414329e-01
   3.6690196e+00  -1.1937027e+00   4.6364828e-01   5.1089007e-09   6.8665021e-01  -5.2742704e-01
   3.6722892e+00  -1.1943339e+00   4.6364830e-01   3.1668833e-09   6.8698563e-01  -5.3069663e-01
   3.6755444e+00  -1.1949662e+00   4.6364828e-01   7.2806011e-09   6.8732054e-01  -5.3395183e-01
   3.6787853e+00  -1.1955994e+00   4.6364828e-01   1.2283072e-08   6.8765486e-01  -5.3719277e-01
   3.6820121e+00  -1.1962336e+00   4.6364833e-01   8.1452807e-09   6.8798860e-01  -5.4041948e-01
