   1.0621645e+00   1.3446627e+00  -2.6894505e-01  -3.2077475e-07  -1.0757186e+00   5.0863282e-01
   1.0143374e+00   1.4069936e+00  -3.1494280e-01  -1.4936578e-07  -1.0920504e+00   5.5645908e-01
   9.6783771e-01   1.4614243e+00  -3.4368269e-01  -1.2636715e-07  -1.1177402e+00   6.0295966e-01
   9.2227651e-01   1.5034980e+00  -3.4906585e-01   1.4627559e-06  -1.1547660e+00   6.4851615e-01
   8.7767541e-01   1.5431320e+00  -3.4906585e-01  -1.4326786e-05  -1.1946123e+00   6.9313296e-01
   8.3420540e-01   1.5832764e+00  -3.4906585e-01  -1.8236519e-07  -1.2346708e+00   7.3659128e-01
   7.9184167e-01   1.6236383e+00  -3.4906585e-01   2.3398249e-06  -1.2746117e+00   7.7895312e-01
   7.4944166e-01   1.6529243e+00  -3.3144612e-01  -5.7058449e-06  -1.3214789e+00   8.2135642e-01
   7.0636203e-01   1.6810475e+00  -3.1521551e-01  -1.0110520e-06  -1.3658342e+00   8.6443446e-01
   6.6204590e-01   1.7116913e+00  -3.0839677e-01  -2.7435462e-07  -1.4032949e+00   9.0875012e-01
   6.1672668e-01   1.7377566e+00  -2.9804525e-01  -2.0936359e-06  -1.4397162e+00   9.5406841e-01
   5.6992073e-01   1.7500879e+00  -2.7118331e-01  -4.1921429e-07  -1.4789056e+00   1.0008762e+00
   5.2226891e-01   1.7481443e+00  -2.2656267e-01  -2.0910241e-06  -1.5215801e+00   1.0485260e+00
   4.7449968e-01   1.7322464e+00  -1.6290619e-01   1.7515009e-06  -1.5693457e+00   1.0962978e+00
   4.2577813e-01   1.7281774e+00  -1.2653241e-01  -2.1706926e-06  -1.6016417e+00   1.1450183e+00
   3.7612261e-01   1.7477092e+00  -1.4003195e-01   2.0114375e-06  -1.6076761e+00   1.1946748e+00
   3.2619010e-01   1.7836387e+00  -1.8928183e-01   4.3685893e-07  -1.5943549e+00   1.2446059e+00
   2.7604069e-01   1.8251539e+00  -2.5266729e-01  -1.0771883e-06  -1.5724863e+00   1.2947558e+00
   2.2539150e-01   1.8613485e+00  -3.0403757e-01  -1.5225986e-06  -1.5573088e+00   1.3454048e+00
   1.7439016e-01   1.8926476e+00  -3.4299960e-01  -1.5392513e-07  -1.5496478e+00   1.3964066e+00
   1.2311351e-01   1.9069874e+00  -3.4906585e-01  -7.4208592e-06  -1.5584924e+00   1.4476888e+00
   7.1743910e-02   1.9190769e+00  -3.4906585e-01  -3.0219226e-08  -1.5709843e+00   1.4990525e+00
   2.0449285e-02   1.9320555e+00  -3.4906585e-01  -6.2577221e-07  -1.5839780e+00   1.5503458e+00
  -3.0554066e-02   1.9457082e+00  -3.4906585e-01  -7.6027193e-07  -1.5972518e+00   1.6013504e+00
  -8.1056103e-02   1.9562266e+00  -3.4285793e-01   6.8482474e-07  -1.6133626e+00   1.6518506e+00
  -1.3111097e-01   1.9481849e+00  -3.0442723e-01  -9.4016076e-07  -1.6437573e+00   1.7019059e+00
  -1.8106065e-01   1.9375690e+00  -2.6404905e-01   1.4071424e-06  -1.6735218e+00   1.7518568e+00
  -2.3096019e-01   1.9251209e+00  -2.2334323e-01   1.2557534e-06  -1.7017762e+00   1.8017562e+00
  -2.8085408e-01   1.9118135e+00  -1.8424589e-01  -1.6256715e-06  -1.7275677e+00   1.8516503e+00
  -3.3076796e-01   1.8988379e+00  -1.4916154e-01  -1.7726250e-06  -1.7496751e+00   1.9015632e+00
  -3.8071902e-01   1.8875056e+00  -1.2061222e-01  -1.4728183e-06  -1.7668960e+00   1.9515149e+00
  -4.3069729e-01   1.8790941e+00  -1.0110314e-01  -8.0111582e-07  -1.7779920e+00   2.0014933e+00
  -4.8067298e-01   1.8734985e+00  -9.0246258e-02   1.4214590e-07  -1.7832552e+00   2.0514697e+00
  -5.3053977e-01   1.8642195e+00  -7.4515474e-02  -1.2340468e-06  -1.7897024e+00   2.1013356e+00
  -5.8032379e-01   1.8682940e+00  -8.7597537e-02  -5.6864014e-06  -1.7806986e+00   2.1511183e+00
  -6.2993352e-01   1.8828210e+00  -1.2398226e-01  -3.1590507e-06  -1.7588378e+00   2.2007299e+00
  -6.7940734e-01   1.9022848e+00  -1.7286291e-01  -2.4207972e-07  -1.7294246e+00   2.2502034e+00
  -7.2887381e-01   1.9224648e+00  -2.2608996e-01   7.8050156e-07  -1.6963757e+00   2.2996699e+00
  -7.7846935e-01   1.9408728e+00  -2.7866788e-01   9.1214618e-07  -1.6622067e+00   2.3492657e+00
  -8.2831281e-01   1.9560492e+00  -3.2763292e-01   1.7172012e-06  -1.6284116e+00   2.3991087e+00
  -8.7849449e-01   1.9547830e+00  -3.4906585e-01   3.9836766e-07  -1.6063640e+00   2.4492909e+00
  -9.2906859e-01   1.9405609e+00  -3.4906585e-01  -7.9026132e-06  -1.5932489e+00   2.4998649e+00
  -9.8005240e-01   1.9256783e+00  -3.4906585e-01  -6.2133543e-06  -1.5792866e+00   2.5508499e+00
  -1.0315745e+00   1.9107784e+00  -3.4906585e-01  -4.1494976e-06  -1.5649126e+00   2.6023730e+00
  -1.0834428e+00   1.8961509e+00  -3.4906585e-01  -2.3179130e-06  -1.5503661e+00   2.6542427e+00
  -1.1353724e+00   1.8819587e+00  -3.4906585e-01   1.0536804e-06  -1.5358126e+00   2.7061690e+00
  -1.1870989e+00   1.8683054e+00  -3.4906585e-01  -5.9464205e-07  -1.5213579e+00   2.7578955e+00
  -1.2383404e+00   1.8553191e+00  -3.4906585e-01  -2.5577455e-08  -1.5071479e+00   2.8091368e+00
  -1.2888433e+00   1.8281129e+00  -3.2234157e-01  -1.6930139e-06  -1.5057727e+00   2.8596411e+00
