   1.0621645e+00   1.3446627e+00  -2.6894505e-01  -3.2077475e-07  -1.0757186e+00   5.0863282e-01
   1.0542396e+00   1.3554823e+00  -2.7781376e-01   4.9939551e-07  -1.0776685e+00   5.1655696e-01
   1.0463469e+00   1.3660565e+00  -2.8614306e-01   6.5160208e-07  -1.0799134e+00   5.2444985e-01
   1.0384884e+00   1.3763937e+00  -2.9394879e-01   8.3021447e-07  -1.0824449e+00   5.3230854e-01
   1.0306649e+00   1.3865001e+00  -3.0124444e-01   1.0367286e-06  -1.0852557e+00   5.4013228e-01
   1.0228772e+00   1.3963803e+00  -3.0804127e-01   1.2645127e-06  -1.0883391e+00   5.4792034e-01
   1.0151259e+00   1.4060384e+00  -3.1434919e-01   1.5007215e-06  -1.0916893e+00   5.5567215e-01
   1.0074117e+00   1.4154773e+00  -3.2017677e-01   1.7255919e-06  -1.0953008e+00   5.6338697e-01
   9.9973527e-01   1.4247005e+00  -3.2553303e-01   1.9116972e-06  -1.0991678e+00   5.7106417e-01
   9.9209710e-01   1.4337097e+00  -3.3042412e-01   2.0297352e-06  -1.1032860e+00   5.7870317e-01
   9.8449784e-01   1.4425067e+00  -3.3485693e-01   2.0462631e-06  -1.1076504e+00   5.8630329e-01
   9.7692678e-01   1.4511543e+00  -3.3897967e-01   1.9347186e-06  -1.1121753e+00   5.9387487e-01
   9.6937501e-01   1.4597027e+00  -3.4290857e-01   1.7817573e-06  -1.1167948e+00   6.0142690e-01
   9.6184370e-01   1.4681449e+00  -3.4662682e-01   1.6078577e-06  -1.1215186e+00   6.0895849e-01
   9.5433698e-01   1.4758749e+00  -3.4906585e-01   2.4077627e-07  -1.1268342e+00   6.1645896e-01
   9.4684330e-01   1.4822661e+00  -3.4906585e-01  -5.4254838e-06  -1.1333182e+00   6.2395623e-01
   9.3938696e-01   1.4886674e+00  -3.4906585e-01  -3.2216741e-06  -1.1397822e+00   6.3141163e-01
   9.3194887e-01   1.4950869e+00  -3.4906585e-01  -3.3246632e-06  -1.1462712e+00   6.3884969e-01
   9.2453619e-01   1.5015220e+00  -3.4906585e-01  -3.3771740e-06  -1.1527697e+00   6.4626229e-01
   9.1714959e-01   1.5079730e+00  -3.4906585e-01  -3.4003320e-06  -1.1592774e+00   6.5364878e-01
   9.0978985e-01   1.5144399e+00  -3.4906585e-01  -3.3960009e-06  -1.1657942e+00   6.6100840e-01
   9.0245768e-01   1.5209227e+00  -3.4906585e-01  -3.3674302e-06  -1.1723197e+00   6.6834042e-01
   8.9515357e-01   1.5274211e+00  -3.4906585e-01  -3.3183751e-06  -1.1788534e+00   6.7564437e-01
   8.8787820e-01   1.5339346e+00  -3.4906585e-01  -3.2525105e-06  -1.1853945e+00   6.8291958e-01
   8.8063210e-01   1.5404631e+00  -3.4906585e-01  -3.1725316e-06  -1.1919425e+00   6.9016551e-01
   8.7341572e-01   1.5470057e+00  -3.4906585e-01  -3.0807981e-06  -1.1984965e+00   6.9738173e-01
   8.6622970e-01   1.5535620e+00  -3.4906585e-01  -2.9774155e-06  -1.2050557e+00   7.0456758e-01
   8.5907445e-01   1.5601312e+00  -3.4906585e-01  -2.8618556e-06  -1.2116192e+00   7.1172266e-01
   8.5195043e-01   1.5667125e+00  -3.4906585e-01  -2.7319003e-06  -1.2181859e+00   7.1884650e-01
   8.4485803e-01   1.5733050e+00  -3.4906585e-01  -2.5845670e-06  -1.2247548e+00   7.2593874e-01
   8.3779774e-01   1.5799080e+00  -3.4906585e-01  -2.4160828e-06  -1.2313249e+00   7.3299884e-01
   8.3077124e-01   1.5865219e+00  -3.4906585e-01  -2.2205596e-06  -1.2378962e+00   7.4002515e-01
   8.2378449e-01   1.5931514e+00  -3.4906585e-01  -1.9863392e-06  -1.2444717e+00   7.4701168e-01
   8.1683841e-01   1.5997960e+00  -3.4906585e-01  -1.7226488e-06  -1.2510505e+00   7.5395752e-01
   8.0991915e-01   1.6064385e+00  -3.4906585e-01  -1.4598596e-06  -1.2576187e+00   7.6087654e-01
   8.0300098e-01   1.6130506e+00  -3.4906585e-01  -1.6203716e-06  -1.2641537e+00   7.6779478e-01
   7.9607733e-01   1.6196267e+00  -3.4906585e-01  -6.1537153e-06  -1.2706485e+00   7.7472257e-01
   7.8915605e-01   1.6261695e+00  -3.4906585e-01   2.3660375e-07  -1.2771098e+00   7.8164017e-01
   7.8223011e-01   1.6310592e+00  -3.4617474e-01  -1.1933147e-06  -1.2848846e+00   7.8856638e-01
   7.7529138e-01   1.6357729e+00  -3.4303841e-01  -1.3607157e-06  -1.2927352e+00   7.9550801e-01
   7.6834755e-01   1.6404406e+00  -3.3989704e-01  -1.2989959e-06  -1.3005442e+00   8.0245148e-01
   7.6139227e-01   1.6450694e+00  -3.3676466e-01  -1.2285274e-06  -1.3083055e+00   8.0940640e-01
   7.5442299e-01   1.6496689e+00  -3.3366401e-01  -1.1604429e-06  -1.3160058e+00   8.1637534e-01
   7.4743777e-01   1.6542469e+00  -3.3061258e-01  -1.1319495e-06  -1.3236354e+00   8.2336027e-01
   7.4043395e-01   1.6588156e+00  -3.2763785e-01  -1.1803656e-06  -1.3311790e+00   8.3036388e-01
   7.3340910e-01   1.6633856e+00  -3.2476436e-01  -1.3602404e-06  -1.3386229e+00   8.3738856e-01
   7.2636117e-01   1.6679682e+00  -3.2201666e-01  -1.7092275e-06  -1.3459539e+00   8.4443626e-01
   7.1928761e-01   1.6725772e+00  -3.1942552e-01  -2.2404616e-06  -1.3531552e+00   8.5150932e-01
   7.1218582e-01   1.6772287e+00  -3.1702713e-01  -2.9057502e-06  -1.3602067e+00   8.5861012e-01
   7.0505310e-01   1.6819366e+00  -3.1485438e-01  -3.5260584e-06  -1.3670891e+00   8.6574127e-01
   6.9788028e-01   1.6866965e+00  -3.1293030e-01  -3.5160415e-07  -1.3737672e+00   8.7291569e-01
   6.9068107e-01   1.6915747e+00  -3.1132161e-01  -3.3612804e-06  -1.3802603e+00   8.8011028e-01
   6.8343286e-01   1.6965266e+00  -3.1002462e-01  -1.8563793e-06  -1.3865056e+00   8.8735983e-01
   6.7614428e-01   1.7016213e+00  -3.0915115e-01  -2.0021957e-06  -1.3924681e+00   8.9464616e-01
   6.6881298e-01   1.7069342e+00  -3.0877535e-01   1.2613419e-07  -1.3981574e+00   9.0198386e-01
   6.6144785e-01   1.7121775e+00  -3.0845111e-01   1.7774458e-07  -1.4037286e+00   9.0934883e-01
   6.5409339e-01   1.7172354e+00  -3.0782719e-01  -6.9528226e-07  -1.4094020e+00   9.1670134e-01
   6.4675560e-01   1.7220601e+00  -3.0674131e-01  -1.5356323e-06  -1.4153204e+00   9.2403596e-01
   6.3936340e-01   1.7265329e+00  -3.0524047e-01  -2.0505907e-06  -1.4212973e+00   9.3142967e-01
   6.3191415e-01   1.7306209e+00  -3.0330504e-01  -2.7373166e-07  -1.4273169e+00   9.3888193e-01
   6.2441911e-01   1.7343487e+00  -3.0094204e-01  -2.4173930e-07  -1.4334076e+00   9.4637714e-01
   6.1688118e-01   1.7377133e+00  -2.9813344e-01  -2.6869098e-06  -1.4395858e+00   9.5391529e-01
   6.0929758e-01   1.7406916e+00  -2.9488521e-01  -2.0884544e-06  -1.4458105e+00   9.6149978e-01
   6.0167571e-01   1.7432986e+00  -2.9119484e-01  -1.5618579e-06  -1.4521065e+00   9.6912196e-01
   5.9401906e-01   1.7455334e+00  -2.8705690e-01  -1.1659441e-06  -1.4584782e+00   9.7677861e-01
   5.8633065e-01   1.7473943e+00  -2.8246605e-01  -8.9616277e-07  -1.4649294e+00   9.8446690e-01
   5.7861350e-01   1.7488791e+00  -2.7741663e-01  -7.3418362e-07  -1.4714631e+00   9.9218392e-01
   5.7087042e-01   1.7499854e+00  -2.7190235e-01  -6.5761854e-07  -1.4780835e+00   9.9992690e-01
   5.6310434e-01   1.7507109e+00  -2.6591648e-01  -6.4115782e-07  -1.4847947e+00   1.0076929e+00
   5.5531844e-01   1.7510531e+00  -2.5945079e-01  -6.6082908e-07  -1.4916023e+00   1.0154788e+00
   5.4751544e-01   1.7510090e+00  -2.5249696e-01  -6.9611125e-07  -1.4985119e+00   1.0232818e+00
   5.3970390e-01   1.7505516e+00  -2.4500385e-01   3.7439692e-07  -1.5055559e+00   1.0310833e+00
   5.3186938e-01   1.7497412e+00  -2.3707632e-01  -2.6689823e-07  -1.5126647e+00   1.0389268e+00
   5.2403111e-01   1.7485086e+00  -2.2858408e-01  -3.3375112e-07  -1.5199246e+00   1.0467648e+00
   5.1618784e-01   1.7468732e+00  -2.1954872e-01   2.6749818e-06  -1.5273270e+00   1.0546077e+00
   5.0833944e-01   1.7447969e+00  -2.0993002e-01  -2.0494786e-06  -1.5348660e+00   1.0624540e+00
   5.0049007e-01   1.7423182e+00  -1.9975293e-01  -2.4536055e-06  -1.5425645e+00   1.0703026e+00
   4.9266336e-01   1.7394716e+00  -1.8895840e-01  -2.4727987e-06  -1.5505125e+00   1.0781293e+00
   4.8486855e-01   1.7362645e+00  -1.7751034e-01  -2.1277323e-06  -1.5587534e+00   1.0859248e+00
   4.7706237e-01   1.7331412e+00  -1.6631087e-01  -1.6158152e-06  -1.5668298e+00   1.0937318e+00
   4.6920131e-01   1.7306088e+00  -1.5638259e-01  -1.1985589e-06  -1.5742259e+00   1.1015934e+00
   4.6129356e-01   1.7287005e+00  -1.4777605e-01   3.0880553e-06  -1.5809256e+00   1.1095008e+00
   4.5333523e-01   1.7274421e+00  -1.4056614e-01   2.9401758e-06  -1.5868773e+00   1.1174601e+00
   4.4533742e-01   1.7268501e+00  -1.3476803e-01   3.7407709e-06  -1.5920828e+00   1.1254587e+00
   4.3730500e-01   1.7269150e+00  -1.3036786e-01   1.1973163e-05  -1.5965454e+00   1.1334934e+00
   4.2924067e-01   1.7276571e+00  -1.2738257e-01   5.7801169e-06  -1.6002734e+00   1.1415581e+00
   4.2115015e-01   1.7290812e+00  -1.2582941e-01   9.0182099e-06  -1.6032507e+00   1.1496516e+00
   4.1304500e-01   1.7311814e+00  -1.2568915e-01   1.6278133e-07  -1.6054881e+00   1.1577505e+00
   4.0491393e-01   1.7338244e+00  -1.2672054e-01   6.6574553e-06  -1.6071017e+00   1.1658867e+00
   3.9677398e-01   1.7370883e+00  -1.2906244e-01   4.7238105e-06  -1.6080229e+00   1.1740241e+00
   3.8862278e-01   1.7408972e+00  -1.3256454e-01   6.2622227e-06  -1.6083313e+00   1.1821731e+00
   3.8046118e-01   1.7452171e+00  -1.3716005e-01   2.9003178e-06  -1.6080581e+00   1.1903324e+00
   3.7228755e-01   1.7499958e+00  -1.4276336e-01  -1.2078152e-07  -1.6072317e+00   1.1985083e+00
   3.6410848e-01   1.7552150e+00  -1.4931484e-01  -2.6391591e-06  -1.6058979e+00   1.2066897e+00
   3.5592279e-01   1.7608211e+00  -1.5672130e-01  -7.6131203e-06  -1.6040931e+00   1.2148788e+00
   3.4774604e-01   1.7667343e+00  -1.6482915e-01  -1.0307603e-06  -1.6019049e+00   1.2230511e+00
   3.3955718e-01   1.7729720e+00  -1.7366912e-01  -2.7545555e-06  -1.5993004e+00   1.2312412e+00
   3.3136944e-01   1.7794436e+00  -1.8307221e-01  -1.1759063e-06  -1.5963698e+00   1.2394280e+00
   3.2317973e-01   1.7861239e+00  -1.9298185e-01  -2.1135077e-08  -1.5931421e+00   1.2476168e+00
   3.1498597e-01   1.7930060e+00  -2.0337685e-01   5.7143620e-07  -1.5896297e+00   1.2558104e+00
   3.0678888e-01   1.8000380e+00  -2.1416929e-01  -2.6954939e-07  -1.5858674e+00   1.2640076e+00
   2.9858116e-01   1.8071724e+00  -2.2522712e-01   4.8383169e-06  -1.5819379e+00   1.2722180e+00
   2.9035746e-01   1.8140211e+00  -2.3577479e-01   4.6784411e-06  -1.5782390e+00   1.2804416e+00
   2.8211456e-01   1.8205359e+00  -2.4570475e-01  -8.7955591e-08  -1.5748301e+00   1.2886818e+00
   2.7384632e-01   1.8268149e+00  -2.5515028e-01  -1.9620563e-07  -1.5716635e+00   1.2969501e+00
   2.6557308e-01   1.8330202e+00  -2.6432566e-01   8.2673788e-06  -1.5686922e+00   1.3052217e+00
   2.5728175e-01   1.8390882e+00  -2.7313147e-01   2.0332051e-06  -1.5659573e+00   1.3135142e+00
   2.4898724e-01   1.8450413e+00  -2.8163550e-01   5.9794024e-06  -1.5634032e+00   1.3218070e+00
   2.4067459e-01   1.8509073e+00  -2.8983203e-01  -1.7852539e-07  -1.5610732e+00   1.3301227e+00
   2.3235681e-01   1.8566631e+00  -2.9773043e-01  -2.1263084e-07  -1.5589294e+00   1.3384412e+00
   2.2402756e-01   1.8622754e+00  -3.0527822e-01  -1.0107452e-06  -1.5569919e+00   1.3467723e+00
   2.1568784e-01   1.8677520e+00  -3.1248760e-01  -2.4855467e-06  -1.5552569e+00   1.3551143e+00
   2.0734903e-01   1.8730618e+00  -3.1930416e-01  -1.5298835e-07  -1.5537574e+00   1.3634476e+00
   1.9899353e-01   1.8782509e+00  -3.2582368e-01  -2.6972318e-07  -1.5524269e+00   1.3718032e+00
   1.9062932e-01   1.8832930e+00  -3.3199886e-01  -3.2907296e-07  -1.5512938e+00   1.3801675e+00
   1.8225704e-01   1.8881857e+00  -3.3782967e-01  -3.1735379e-07  -1.5503558e+00   1.3885397e+00
   1.7387701e-01   1.8929264e+00  -3.4331507e-01  -2.4329385e-07  -1.5496112e+00   1.3969197e+00
   1.6548254e-01   1.8975297e+00  -3.4848576e-01  -5.4975820e-06  -1.5490396e+00   1.4053197e+00
   1.5709355e-01   1.8996049e+00  -3.4906585e-01  -4.8833367e-07  -1.5506598e+00   1.4137047e+00
   1.4869510e-01   1.9013808e+00  -3.4906585e-01  -1.1934167e-06  -1.5525634e+00   1.4221016e+00
   1.4028858e-01   1.9031890e+00  -3.4906585e-01  -6.5976185e-07  -1.5544904e+00   1.4305083e+00
   1.3187961e-01   1.9050373e+00  -3.4906585e-01  -1.5758452e-06  -1.5564485e+00   1.4389167e+00
   1.2346648e-01   1.9069173e+00  -3.4906585e-01  -1.2411638e-06  -1.5584294e+00   1.4473294e+00
   1.1504772e-01   1.9088227e+00  -3.4906585e-01  -4.0671515e-07  -1.5604223e+00   1.4557494e+00
   1.0662828e-01   1.9107604e+00  -3.4906585e-01  -4.6828583e-07  -1.5624404e+00   1.4641688e+00
   9.8207656e-02   1.9127269e+00  -3.4906585e-01  -5.2669639e-07  -1.5644775e+00   1.4725894e+00
   8.9786383e-02   1.9147205e+00  -3.4906585e-01  -5.8287143e-07  -1.5665318e+00   1.4810107e+00
   8.1365232e-02   1.9167399e+00  -3.4906585e-01  -6.3804504e-07  -1.5686018e+00   1.4894318e+00
   7.2945436e-02   1.9187849e+00  -3.4906585e-01  -6.9375621e-07  -1.5706874e+00   1.4978516e+00
   6.4527420e-02   1.9208537e+00  -3.4906585e-01  -7.4927078e-07  -1.5727866e+00   1.5062695e+00
   5.6112454e-02   1.9229455e+00  -3.4906585e-01  -8.0620409e-07  -1.5748985e+00   1.5146845e+00
   4.7701369e-02   1.9250593e+00  -3.4906585e-01  -8.6460746e-07  -1.5770220e+00   1.5230955e+00
   3.9295258e-02   1.9271944e+00  -3.4906585e-01  -9.2540033e-07  -1.5791565e+00   1.5315016e+00
   3.0894807e-02   1.9293495e+00  -3.4906585e-01  -9.8784946e-07  -1.5813006e+00   1.5399021e+00
   2.2501058e-02   1.9315238e+00  -3.4906585e-01  -1.0523161e-06  -1.5834533e+00   1.5482958e+00
   1.4114912e-02   1.9337163e+00  -3.4906585e-01  -1.1182970e-06  -1.5856137e+00   1.5566819e+00
   5.7373749e-03   1.9359260e+00  -3.4906585e-01  -1.1850470e-06  -1.5877808e+00   1.5650594e+00
  -2.6305242e-03   1.9381521e+00  -3.4906585e-01  -1.2466712e-06  -1.5899536e+00   1.5734273e+00
  -1.0986315e-02   1.9403980e+00  -3.4906585e-01  -2.3176942e-06  -1.5921390e+00   1.5817818e+00
  -1.9332763e-02   1.9426519e+00  -3.4906585e-01  -1.6511467e-06  -1.5943138e+00   1.5901293e+00
  -2.7667449e-02   1.9449200e+00  -3.4906585e-01  -1.3302810e-06  -1.5964975e+00   1.5984640e+00
  -3.5986687e-02   1.9472080e+00  -3.4906585e-01  -4.2451935e-06  -1.5986912e+00   1.6067826e+00
  -4.4293358e-02   1.9494972e+00  -3.4906585e-01  -1.1427449e-06  -1.6008713e+00   1.6150903e+00
  -5.2585079e-02   1.9518007e+00  -3.4906585e-01  -2.5784015e-06  -1.6030576e+00   1.6233824e+00
  -6.0860255e-02   1.9541008e+00  -3.4906585e-01  -1.0476282e-06  -1.6052283e+00   1.6316575e+00
  -6.9121978e-02   1.9563959e+00  -3.4906585e-01  -2.4597535e-06  -1.6073788e+00   1.6399202e+00
  -7.7363131e-02   1.9566274e+00  -3.4538769e-01  -8.4091471e-09  -1.6112399e+00   1.6481598e+00
  -8.5582026e-02   1.9556611e+00  -3.3955700e-01  -2.2913037e-06  -1.6161052e+00   1.6563742e+00
  -9.3794678e-02   1.9545095e+00  -3.3342506e-01  -9.8161680e-07  -1.6210857e+00   1.6645894e+00
  -1.0200125e-01   1.9532634e+00  -3.2718685e-01  -1.3392790e-07  -1.6260775e+00   1.6727974e+00
  -1.1020048e-01   1.9519252e+00  -3.2085561e-01  -3.0775837e-06  -1.6310687e+00   1.6809936e+00
  -1.1840104e-01   1.9505243e+00  -3.1447769e-01  -1.2984369e-06  -1.6360456e+00   1.6891963e+00
  -1.2659716e-01   1.9490498e+00  -3.0803540e-01  -4.2240285e-07  -1.6410138e+00   1.6973933e+00
  -1.3478993e-01   1.9475018e+00  -3.0153429e-01  -4.6187347e-07  -1.6459669e+00   1.7055861e+00
  -1.4298054e-01   1.9458836e+00  -2.9498108e-01  -1.2240171e-06  -1.6509018e+00   1.7137768e+00
  -1.5116944e-01   1.9441988e+00  -2.8838146e-01  -2.5908483e-06  -1.6558168e+00   1.7219662e+00
  -1.5935696e-01   1.9424520e+00  -2.8174466e-01  -4.6660971e-06  -1.6607073e+00   1.7301546e+00
  -1.6754302e-01   1.9406465e+00  -2.7507784e-01  -7.4511299e-06  -1.6655690e+00   1.7383419e+00
  -1.7571940e-01   1.9388130e+00  -2.6843121e-01  -5.8999533e-08  -1.6703829e+00   1.7465159e+00
  -1.8390010e-01   1.9369039e+00  -2.6173337e-01  -4.5951723e-07  -1.6751719e+00   1.7546967e+00
  -1.9207952e-01   1.9349475e+00  -2.5502968e-01  -8.7797692e-07  -1.6799194e+00   1.7628762e+00
  -2.0025789e-01   1.9329460e+00  -2.4832515e-01  -1.3526260e-06  -1.6846225e+00   1.7710546e+00
  -2.0843535e-01   1.9309045e+00  -2.4163008e-01  -1.8071507e-06  -1.6892762e+00   1.7792320e+00
  -2.1661192e-01   1.9288281e+00  -2.3495475e-01  -2.0394320e-06  -1.6938751e+00   1.7874085e+00
  -2.2478803e-01   1.9267272e+00  -2.2832120e-01  -1.6731245e-06  -1.6984076e+00   1.7955845e+00
  -2.3296348e-01   1.9246029e+00  -2.2173001e-01  -6.0508279e-07  -1.7028738e+00   1.8037599e+00
  -2.4113999e-01   1.9224437e+00  -2.1516569e-01  -1.5790324e-06  -1.7072779e+00   1.8119363e+00
  -2.4931598e-01   1.9202657e+00  -2.0865023e-01  -3.4372060e-06  -1.7116152e+00   1.8201117e+00
  -2.5749096e-01   1.9180961e+00  -2.0223052e-01   7.7590802e-07  -1.7158659e+00   1.8282877e+00
  -2.6566745e-01   1.9159003e+00  -1.9585706e-01  -5.7589185e-07  -1.7200436e+00   1.8364638e+00
  -2.7384383e-01   1.9136806e+00  -1.8953661e-01   7.3652651e-06  -1.7241436e+00   1.8446431e+00
  -2.8202294e-01   1.9114923e+00  -1.8335860e-01   6.9981964e-06  -1.7281330e+00   1.8528231e+00
  -2.9019963e-01   1.9093312e+00  -1.7730895e-01   1.8150499e-06  -1.7320236e+00   1.8609970e+00
  -2.9837864e-01   1.9071593e+00  -1.7134166e-01   3.0712017e-06  -1.7358192e+00   1.8691768e+00
  -3.0655838e-01   1.9050090e+00  -1.6550621e-01   3.2121093e-06  -1.7395044e+00   1.8773568e+00
  -3.1473874e-01   1.9028902e+00  -1.5982301e-01   2.5800101e-06  -1.7430687e+00   1.8855369e+00
  -3.2292039e-01   1.9008104e+00  -1.5430735e-01   1.7723351e-06  -1.7465045e+00   1.8937181e+00
  -3.3110273e-01   1.8987659e+00  -1.4895065e-01   1.0151220e-06  -1.7498165e+00   1.9018999e+00
  -3.3928579e-01   1.8967619e+00  -1.4376311e-01   3.3479666e-07  -1.7530000e+00   1.9100825e+00
  -3.4747316e-01   1.8947826e+00  -1.3872046e-01   7.7811248e-06  -1.7560594e+00   1.9182751e+00
  -3.5565572e-01   1.8929036e+00  -1.3395817e-01   2.4912786e-06  -1.7589446e+00   1.9264533e+00
  -3.6384162e-01   1.8910736e+00  -1.2937921e-01   1.1524110e-06  -1.7616941e+00   1.9346383e+00
  -3.7202512e-01   1.8892926e+00  -1.2498898e-01   4.1648254e-06  -1.7643061e+00   1.9428211e+00
  -3.8021328e-01   1.8875923e+00  -1.2083337e-01   2.4512096e-06  -1.7667643e+00   1.9510085e+00
  -3.8840554e-01   1.8859886e+00  -1.1697132e-01   5.3353614e-07  -1.7690181e+00   1.9592016e+00
  -3.9658532e-01   1.8844443e+00  -1.1330821e-01   1.7332915e-06  -1.7711448e+00   1.9673778e+00
  -4.0478013e-01   1.8830037e+00  -1.0993229e-01  -1.5409780e-06  -1.7730767e+00   1.9755733e+00
  -4.1298800e-01   1.8816383e+00  -1.0681203e-01  -7.5750362e-06  -1.7748289e+00   1.9837829e+00
  -4.2117254e-01   1.8804419e+00  -1.0405546e-01   5.7259537e-06  -1.7763883e+00   1.9919726e+00
  -4.2935971e-01   1.8792685e+00  -1.0149065e-01   2.0743528e-06  -1.7777775e+00   2.0001568e+00
  -4.3754601e-01   1.8782115e+00  -9.9214611e-02   5.3720274e-06  -1.7790006e+00   2.0083431e+00
  -4.4573774e-01   1.8772895e+00  -9.7295343e-02   2.4343262e-07  -1.7799970e+00   2.0165328e+00
  -4.5393096e-01   1.8764701e+00  -9.5662440e-02   5.2154248e-06  -1.7808091e+00   2.0247287e+00
  -4.6212383e-01   1.8757551e+00  -9.4315479e-02   1.6279122e-06  -1.7814390e+00   2.0329205e+00
  -4.7032288e-01   1.8749752e+00  -9.2914607e-02   6.6164068e-06  -1.7820612e+00   2.0411239e+00
  -4.7849617e-01   1.8738464e+00  -9.0877400e-02   6.5734595e-06  -1.7829659e+00   2.0492943e+00
  -4.8668169e-01   1.8724173e+00  -8.8309290e-02   6.0685352e-07  -1.7841089e+00   2.0574780e+00
  -4.9485869e-01   1.8706715e+00  -8.5167928e-02   1.1221990e-06  -1.7855045e+00   2.0656554e+00
  -5.0302942e-01   1.8686271e+00  -8.1491572e-02   3.4099508e-06  -1.7871370e+00   2.0738274e+00
  -5.1119749e-01   1.8667716e+00  -7.8252808e-02   2.3536042e-06  -1.7885192e+00   2.0819948e+00
  -5.1936629e-01   1.8653716e+00  -7.5990502e-02   3.3727235e-06  -1.7893832e+00   2.0901638e+00
  -5.2753545e-01   1.8644552e+00  -7.4756095e-02   4.0761454e-06  -1.7897004e+00   2.0983330e+00
  -5.3570527e-01   1.8641341e+00  -7.4726704e-02   4.0517308e-06  -1.7893986e+00   2.1065028e+00
  -5.4388128e-01   1.8637980e+00  -7.4799617e-02  -7.2466680e-06  -1.7890094e+00   2.1146769e+00
  -5.5203613e-01   1.8642808e+00  -7.6511223e-02   1.2397644e-06  -1.7877686e+00   2.1228331e+00
  -5.6019591e-01   1.8649965e+00  -7.8756801e-02   3.9960427e-07  -1.7862394e+00   2.1309926e+00
  -5.6834756e-01   1.8660906e+00  -8.1817207e-02  -3.9313582e-06  -1.7842708e+00   2.1391410e+00
  -5.7649233e-01   1.8675080e+00  -8.5584415e-02  -6.9154477e-07  -1.7819168e+00   2.1472843e+00
  -5.8464267e-01   1.8692030e+00  -8.9968370e-02   6.7678466e-07  -1.7792337e+00   2.1554384e+00
  -5.9278310e-01   1.8711672e+00  -9.4959046e-02   4.9620278e-07  -1.7762079e+00   2.1635792e+00
  -6.0091810e-01   1.8733716e+00  -1.0050124e-01   4.2271638e-08  -1.7728689e+00   2.1717144e+00
  -6.0904702e-01   1.8757988e+00  -1.0653938e-01   1.4666328e-06  -1.7692595e+00   2.1798436e+00
  -6.1717288e-01   1.8784188e+00  -1.1303779e-01   3.0506040e-06  -1.7653819e+00   2.1879710e+00
  -6.2529292e-01   1.8811808e+00  -1.1990304e-01  -3.5871878e-07  -1.7612765e+00   2.1960891e+00
  -6.3340982e-01   1.8841038e+00  -1.2715241e-01   5.7099212e-07  -1.7569496e+00   2.2042069e+00
  -6.4152362e-01   1.8871435e+00  -1.3470717e-01   1.7957168e-06  -1.7524342e+00   2.2123218e+00
  -6.4963419e-01   1.8902777e+00  -1.4252434e-01   3.0622940e-06  -1.7477510e+00   2.2204333e+00
  -6.5774207e-01   1.8934858e+00  -1.5056405e-01   4.1098867e-06  -1.7429192e+00   2.2285418e+00
  -6.6584763e-01   1.8967476e+00  -1.5878731e-01   4.4969061e-06  -1.7379576e+00   2.2366473e+00
  -6.7395173e-01   1.9000446e+00  -1.6715819e-01   3.4823984e-06  -1.7328839e+00   2.2447504e+00
  -6.8205403e-01   1.9033711e+00  -1.7566674e-01   1.0271733e-06  -1.7277027e+00   2.2528510e+00
  -6.9015762e-01   1.9067250e+00  -1.8429804e-01   1.2614164e-06  -1.7224273e+00   2.2609547e+00
  -6.9826150e-01   1.9100724e+00  -1.9300104e-01   2.0800225e-06  -1.7170720e+00   2.2690587e+00
  -7.0636729e-01   1.9133800e+00  -2.0171590e-01  -1.0166803e-07  -1.7116637e+00   2.2771637e+00
  -7.1447516e-01   1.9166798e+00  -2.1048151e-01   5.7037912e-07  -1.7061976e+00   2.2852718e+00
  -7.2258525e-01   1.9199814e+00  -2.1931797e-01  -4.2682638e-06  -1.7006642e+00   2.2933812e+00
  -7.3069699e-01   1.9232015e+00  -2.2808804e-01  -1.8428180e-06  -1.6951138e+00   2.3014935e+00
  -7.3881258e-01   1.9263595e+00  -2.3681800e-01  -4.5083416e-07  -1.6895402e+00   2.3096090e+00
  -7.4693374e-01   1.9294779e+00  -2.4553536e-01  -1.4172596e-06  -1.6839406e+00   2.3177303e+00
  -7.5505893e-01   1.9325345e+00  -2.5420746e-01  -1.8743198e-06  -1.6783248e+00   2.3258557e+00
  -7.6318947e-01   1.9355068e+00  -2.6278822e-01  -1.6808161e-06  -1.6727163e+00   2.3339863e+00
  -7.7132579e-01   1.9383993e+00  -2.7128640e-01  -1.2124966e-06  -1.6671108e+00   2.3421226e+00
  -7.7946771e-01   1.9412161e+00  -2.7971006e-01  -7.0607138e-07  -1.6615042e+00   2.3502644e+00
  -7.8761718e-01   1.9439333e+00  -2.8800976e-01  -2.3969989e-07  -1.6559220e+00   2.3584137e+00
  -7.9578186e-01   1.9465978e+00  -2.9626387e-01  -8.5778881e-06  -1.6503323e+00   2.3665826e+00
  -8.0394094e-01   1.9491231e+00  -3.0433206e-01  -3.6533585e-06  -1.6447912e+00   2.3747389e+00
  -8.1211120e-01   1.9515485e+00  -3.1227429e-01  -1.3304995e-06  -1.6392754e+00   2.3829078e+00
  -8.2029077e-01   1.9538813e+00  -3.2010751e-01   1.1917174e-08  -1.6337748e+00   2.3910869e+00
  -8.2848248e-01   1.9560865e+00  -3.2778075e-01  -8.6699240e-07  -1.6282997e+00   2.3992796e+00
  -8.3667916e-01   1.9582121e+00  -3.3534213e-01  -2.0108243e-06  -1.6228642e+00   2.4074746e+00
  -8.4488828e-01   1.9602338e+00  -3.4273354e-01  -6.3592796e-07  -1.6175016e+00   2.4156841e+00
  -8.5310625e-01   1.9616190e+00  -3.4906585e-01  -3.0080805e-07  -1.6125815e+00   2.4239027e+00
  -8.6133587e-01   1.9594191e+00  -3.4906585e-01  -1.7248638e-06  -1.6105798e+00   2.4321319e+00
  -8.6957341e-01   1.9571988e+00  -3.4906585e-01  -1.4446656e-06  -1.6085619e+00   2.4403697e+00
  -8.7782213e-01   1.9549556e+00  -3.4906585e-01  -1.4550775e-06  -1.6065155e+00   2.4486184e+00
  -8.8608045e-01   1.9526862e+00  -3.4906585e-01  -1.4618624e-06  -1.6044400e+00   2.4568768e+00
  -8.9434993e-01   1.9503949e+00  -3.4906585e-01  -1.4609149e-06  -1.6023383e+00   2.4651463e+00
  -9.0262986e-01   1.9480803e+00  -3.4906585e-01  -1.4554569e-06  -1.6002095e+00   2.4734263e+00
  -9.1092049e-01   1.9457438e+00  -3.4906585e-01  -1.4432744e-06  -1.5980545e+00   2.4817169e+00
  -9.1922230e-01   1.9433872e+00  -3.4906585e-01  -1.4240006e-06  -1.5958745e+00   2.4900188e+00
  -9.2753408e-01   1.9410083e+00  -3.4906585e-01  -1.4010394e-06  -1.5936683e+00   2.4983306e+00
  -9.3585746e-01   1.9386112e+00  -3.4906585e-01  -1.3692112e-06  -1.5914384e+00   2.5066540e+00
  -9.4419119e-01   1.9361942e+00  -3.4906585e-01  -1.3345927e-06  -1.5891838e+00   2.5149877e+00
  -9.5253555e-01   1.9337588e+00  -3.4906585e-01  -1.2945251e-06  -1.5869056e+00   2.5233321e+00
  -9.6089086e-01   1.9313070e+00  -3.4906585e-01  -1.2489709e-06  -1.5846053e+00   2.5316875e+00
  -9.6926037e-01   1.9288462e+00  -3.4906585e-01  -1.1929224e-06  -1.5822878e+00   2.5400570e+00
  -9.7764741e-01   1.9263876e+00  -3.4906585e-01  -1.1233688e-06  -1.5799608e+00   2.5484441e+00
  -9.8605144e-01   1.9239321e+00  -3.4906585e-01  -1.0541949e-06  -1.5776250e+00   2.5568481e+00
  -9.9447108e-01   1.9214805e+00  -3.4906585e-01  -9.8702706e-07  -1.5752812e+00   2.5652678e+00
  -1.0029051e+00   1.9190334e+00  -3.4906585e-01  -9.2288349e-07  -1.5729301e+00   2.5737018e+00
  -1.0113525e+00   1.9165915e+00  -3.4906585e-01  -8.6209547e-07  -1.5705722e+00   2.5821493e+00
  -1.0198122e+00   1.9141553e+00  -3.4906585e-01  -8.0502819e-07  -1.5682081e+00   2.5906090e+00
  -1.0282826e+00   1.9117258e+00  -3.4906585e-01  -7.5140093e-07  -1.5658387e+00   2.5990794e+00
  -1.0367629e+00   1.9093033e+00  -3.4906585e-01  -7.0130961e-07  -1.5634645e+00   2.6075598e+00
  -1.0452517e+00   1.9068888e+00  -3.4906585e-01  -6.5420235e-07  -1.5610862e+00   2.6160486e+00
  -1.0537479e+00   1.9044825e+00  -3.4906585e-01  -6.0893837e-07  -1.5587043e+00   2.6245448e+00
  -1.0622501e+00   1.9020855e+00  -3.4906585e-01  -5.6542397e-07  -1.5563196e+00   2.6330470e+00
  -1.0707573e+00   1.8996981e+00  -3.4906585e-01  -5.2278107e-07  -1.5539328e+00   2.6415543e+00
  -1.0792681e+00   1.8973211e+00  -3.4906585e-01  -4.7982738e-07  -1.5515444e+00   2.6500651e+00
  -1.0877815e+00   1.8949551e+00  -3.4906585e-01  -4.3585009e-07  -1.5491551e+00   2.6585786e+00
  -1.0962961e+00   1.8926007e+00  -3.4906585e-01  -3.9042756e-07  -1.5467655e+00   2.6670932e+00
  -1.1048105e+00   1.8902585e+00  -3.4906585e-01  -3.4166096e-07  -1.5443762e+00   2.6756076e+00
  -1.1133238e+00   1.8879291e+00  -3.4906585e-01  -2.9002524e-07  -1.5419879e+00   2.6841209e+00
  -1.1218331e+00   1.8856106e+00  -3.4906585e-01  -9.5024758e-07  -1.5395952e+00   2.6926289e+00
  -1.1303401e+00   1.8833087e+00  -3.4906585e-01  -1.0443120e-06  -1.5372109e+00   2.7011359e+00
  -1.1388422e+00   1.8810212e+00  -3.4906585e-01  -1.1539590e-06  -1.5348293e+00   2.7096380e+00
  -1.1473379e+00   1.8787487e+00  -3.4906585e-01  -1.2584038e-06  -1.5324510e+00   2.7181338e+00
  -1.1558264e+00   1.8764919e+00  -3.4906585e-01  -1.3462748e-06  -1.5300768e+00   2.7266223e+00
  -1.1643062e+00   1.8742513e+00  -3.4906585e-01  -1.4055234e-06  -1.5277070e+00   2.7351021e+00
  -1.1727763e+00   1.8720273e+00  -3.4906585e-01  -1.4276606e-06  -1.5253423e+00   2.7435722e+00
  -1.1812354e+00   1.8698204e+00  -3.4906585e-01  -1.4098982e-06  -1.5229832e+00   2.7520313e+00
  -1.1896821e+00   1.8676312e+00  -3.4906585e-01  -1.3567528e-06  -1.5206303e+00   2.7604780e+00
  -1.1981156e+00   1.8654602e+00  -3.4906585e-01  -1.2775218e-06  -1.5182840e+00   2.7689115e+00
  -1.2065346e+00   1.8633076e+00  -3.4906585e-01  -1.1841447e-06  -1.5159448e+00   2.7773305e+00
  -1.2149376e+00   1.8611742e+00  -3.4906585e-01  -1.0870265e-06  -1.5136135e+00   2.7857335e+00
  -1.2233241e+00   1.8590600e+00  -3.4906585e-01  -9.9585608e-07  -1.5112901e+00   2.7941200e+00
  -1.2316925e+00   1.8569658e+00  -3.4906585e-01  -9.1375615e-07  -1.5089755e+00   2.8024883e+00
  -1.2400419e+00   1.8548915e+00  -3.4906585e-01  -8.4407918e-07  -1.5066697e+00   2.8108378e+00
  -1.2483711e+00   1.8528380e+00  -3.4906585e-01  -7.8447079e-07  -1.5043735e+00   2.8191670e+00
  -1.2566822e+00   1.8508073e+00  -3.4906585e-01  -4.4756434e-06  -1.5020860e+00   2.8274794e+00
  -1.2649658e+00   1.8487912e+00  -3.4906585e-01  -2.3706599e-06  -1.4998095e+00   2.8357625e+00
  -1.2732352e+00   1.8430103e+00  -3.4228958e-01  -5.1149778e-06  -1.5007290e+00   2.8440381e+00
  -1.2814716e+00   1.8352848e+00  -3.3201233e-01  -5.1790472e-07  -1.5032769e+00   2.8522735e+00
  -1.2896832e+00   1.8272892e+00  -3.2121201e-01  -2.5181262e-07  -1.5060814e+00   2.8604842e+00
  -1.2978684e+00   1.8190145e+00  -3.0986810e-01   1.1074341e-08  -1.5091502e+00   2.8686683e+00
  -1.3060264e+00   1.8104482e+00  -2.9795723e-01   1.6960431e-07  -1.5124944e+00   2.8768255e+00
  -1.3141563e+00   1.8015781e+00  -2.8545653e-01   2.5140143e-07  -1.5161247e+00   2.8849546e+00
  -1.3222573e+00   1.7923886e+00  -2.7233656e-01   2.8395904e-07  -1.5200549e+00   2.8930551e+00
  -1.3303282e+00   1.7828656e+00  -2.5857134e-01   2.9209009e-07  -1.5242969e+00   2.9011256e+00
  -1.3383684e+00   1.7729894e+00  -2.4412429e-01   2.9584325e-07  -1.5288677e+00   2.9091656e+00
