   1.0621645e+00   1.3446627e+00  -2.6894505e-01  -3.2077475e-07  -1.0757186e+00   5.0863282e-01
   1.0582054e+00   1.3501139e+00  -2.7345698e-01   4.9249071e-06  -1.0766592e+00   5.1259281e-01
   1.0542528e+00   1.3554836e+00  -2.7781494e-01   5.3176477e-06  -1.0776713e+00   5.1654577e-01
   1.0503087e+00   1.3607924e+00  -2.8203856e-01   5.6536327e-06  -1.0787566e+00   5.2049031e-01
   1.0463730e+00   1.3660411e+00  -2.8612941e-01   6.0004005e-06  -1.0799148e+00   5.2442648e-01
   1.0424461e+00   1.3712059e+00  -2.9007010e-01   3.9550329e-07  -1.0811358e+00   5.2835054e-01
   1.0385277e+00   1.3763367e+00  -2.9390231e-01   4.4358292e-07  -1.0824344e+00   5.3226901e-01
   1.0346180e+00   1.3814097e+00  -2.9760728e-01   4.9514747e-07  -1.0838024e+00   5.3617875e-01
   1.0307171e+00   1.3864259e+00  -3.0118652e-01   5.4993256e-07  -1.0852394e+00   5.4007971e-01
   1.0268251e+00   1.3913857e+00  -3.0464161e-01   6.0704155e-07  -1.0867442e+00   5.4397179e-01
   1.0229422e+00   1.3962897e+00  -3.0797358e-01   6.6614935e-07  -1.0883162e+00   5.4785482e-01
   1.0190683e+00   1.4011383e+00  -3.1118382e-01   7.2604923e-07  -1.0899546e+00   5.5172887e-01
   1.0152036e+00   1.4059320e+00  -3.1427335e-01   7.8566764e-07  -1.0916587e+00   5.5559368e-01
   1.0113480e+00   1.4106711e+00  -3.1724341e-01   8.4352330e-07  -1.0934278e+00   5.5944935e-01
   1.0075019e+00   1.4153561e+00  -3.2009487e-01   8.9811351e-07  -1.0952614e+00   5.6329563e-01
   1.0036651e+00   1.4199873e+00  -3.2282887e-01   9.4758449e-07  -1.0971586e+00   5.6713260e-01
   9.9983790e-01   1.4245649e+00  -3.2544615e-01   9.9008185e-07  -1.0991190e+00   5.7096002e-01
   9.9602015e-01   1.4290893e+00  -3.2794772e-01   1.0234988e-06  -1.1011418e+00   5.7477797e-01
   9.9221206e-01   1.4335606e+00  -3.3033411e-01   1.0459071e-06  -1.1032268e+00   5.7858627e-01
   9.8841370e-01   1.4379792e+00  -3.3260659e-01   1.0548449e-06  -1.1053729e+00   5.8238484e-01
   9.8462509e-01   1.4423451e+00  -3.3476573e-01   1.0488339e-06  -1.1075797e+00   5.8617366e-01
   9.8084350e-01   1.4466740e+00  -3.3684792e-01   1.0221427e-06  -1.1098264e+00   5.8995537e-01
   9.7706649e-01   1.4509794e+00  -3.3888466e-01   9.8693875e-07  -1.1120951e+00   5.9373244e-01
   9.7329432e-01   1.4552605e+00  -3.4087333e-01   9.5018814e-07  -1.1143875e+00   5.9750468e-01
   9.6952698e-01   1.4595163e+00  -3.4281211e-01   9.1138265e-07  -1.1167045e+00   6.0127208e-01
   9.6576484e-01   1.4637452e+00  -3.4469790e-01   8.6972543e-07  -1.1190477e+00   6.0503429e-01
   9.6200797e-01   1.4679466e+00  -3.4652880e-01   8.2470479e-07  -1.1214181e+00   6.0879123e-01
   9.5825654e-01   1.4721196e+00  -3.4830285e-01   7.7577463e-07  -1.1238170e+00   6.1254273e-01
   9.5451153e-01   1.4757263e+00  -3.4906585e-01  -2.2422480e-07  -1.1266829e+00   6.1628552e-01
   9.5077051e-01   1.4789122e+00  -3.4906585e-01  -2.1595032e-06  -1.1299103e+00   6.2002765e-01
   9.4703702e-01   1.4821035e+00  -3.4906585e-01  -1.6333972e-06  -1.1331412e+00   6.2376055e-01
   9.4330852e-01   1.4852981e+00  -3.4906585e-01  -1.6813222e-06  -1.1363742e+00   6.2748904e-01
   9.3958604e-01   1.4884965e+00  -3.4906585e-01  -1.7195013e-06  -1.1396095e+00   6.3121150e-01
   9.3586975e-01   1.4916987e+00  -3.4906585e-01  -1.7462470e-06  -1.1428473e+00   6.3492776e-01
   9.3215956e-01   1.4949046e+00  -3.4906585e-01  -1.7611707e-06  -1.1460873e+00   6.3863791e-01
   9.2845579e-01   1.4981147e+00  -3.4906585e-01  -1.7624798e-06  -1.1493298e+00   6.4234163e-01
   9.2475840e-01   1.5013285e+00  -3.4906585e-01  -1.7508198e-06  -1.1525745e+00   6.4603896e-01
   9.2106755e-01   1.5045463e+00  -3.4906585e-01  -1.7260546e-06  -1.1558216e+00   6.4972974e-01
   9.1738325e-01   1.5077680e+00  -3.4906585e-01  -1.6896294e-06  -1.1590709e+00   6.5341397e-01
   9.1370571e-01   1.5109939e+00  -3.4906585e-01  -1.6427195e-06  -1.1623227e+00   6.5709143e-01
   9.1003482e-01   1.5142236e+00  -3.4906585e-01  -1.5880062e-06  -1.1655765e+00   6.6076225e-01
   9.0637089e-01   1.5174572e+00  -3.4906585e-01  -1.5271920e-06  -1.1688325e+00   6.6442611e-01
   9.0271382e-01   1.5206949e+00  -3.4906585e-01  -1.4631422e-06  -1.1720907e+00   6.6808311e-01
   8.9906374e-01   1.5239362e+00  -3.4906585e-01  -1.3979765e-06  -1.1753507e+00   6.7173312e-01
   8.9542075e-01   1.5271816e+00  -3.4906585e-01  -1.3339057e-06  -1.1786129e+00   6.7537605e-01
   8.9178497e-01   1.5304308e+00  -3.4906585e-01  -1.2738246e-06  -1.1818770e+00   6.7901177e-01
   8.8815633e-01   1.5336836e+00  -3.4906585e-01  -1.2190529e-06  -1.1851426e+00   6.8264036e-01
   8.8453499e-01   1.5369401e+00  -3.4906585e-01  -1.1692079e-06  -1.1884101e+00   6.8626165e-01
   8.8092103e-01   1.5402003e+00  -3.4906585e-01  -1.1252492e-06  -1.1916792e+00   6.8987557e-01
   8.7731458e-01   1.5434642e+00  -3.4906585e-01  -1.0879073e-06  -1.1949499e+00   6.9348198e-01
   8.7371544e-01   1.5467314e+00  -3.4906585e-01  -1.0578143e-06  -1.1982218e+00   6.9708108e-01
   8.7012388e-01   1.5500020e+00  -3.4906585e-01  -1.0349620e-06  -1.2014951e+00   7.0067261e-01
   8.6653998e-01   1.5532759e+00  -3.4906585e-01  -1.0195729e-06  -1.2047696e+00   7.0425647e-01
   8.6296370e-01   1.5565531e+00  -3.4906585e-01  -1.0114452e-06  -1.2080452e+00   7.0783271e-01
   8.5939515e-01   1.5598335e+00  -3.4906585e-01  -1.0099785e-06  -1.2113217e+00   7.1140123e-01
   8.5583436e-01   1.5631168e+00  -3.4906585e-01  -1.0145638e-06  -1.2145990e+00   7.1496199e-01
   8.5228149e-01   1.5664032e+00  -3.4906585e-01  -1.0239614e-06  -1.2178772e+00   7.1851484e-01
   8.4873645e-01   1.5696923e+00  -3.4906585e-01  -1.0374459e-06  -1.2211558e+00   7.2205985e-01
   8.4519932e-01   1.5729840e+00  -3.4906585e-01  -1.0561052e-06  -1.2244348e+00   7.2559696e-01
   8.4167028e-01   1.5762785e+00  -3.4906585e-01  -1.0747408e-06  -1.2277141e+00   7.2912598e-01
   8.3814919e-01   1.5795753e+00  -3.4906585e-01  -1.0909401e-06  -1.2309936e+00   7.3264706e-01
   8.3463626e-01   1.5828746e+00  -3.4906585e-01  -1.1012645e-06  -1.2342731e+00   7.3615997e-01
   8.3113243e-01   1.5861773e+00  -3.4906585e-01  -1.1017269e-06  -1.2375534e+00   7.3966379e-01
   8.2763871e-01   1.5894840e+00  -3.4906585e-01  -1.0891400e-06  -1.2408349e+00   7.4315749e-01
   8.2415511e-01   1.5927948e+00  -3.4906585e-01  -1.0627408e-06  -1.2441174e+00   7.4664107e-01
   8.2068165e-01   1.5961093e+00  -3.4906585e-01  -1.0213580e-06  -1.2474009e+00   7.5011451e-01
   8.1721838e-01   1.5994273e+00  -3.4906585e-01  -9.6523184e-07  -1.2506848e+00   7.5357775e-01
   8.1376360e-01   1.6027467e+00  -3.4906585e-01  -8.9895070e-07  -1.2539676e+00   7.5703250e-01
   8.1031020e-01   1.6060598e+00  -3.4906585e-01  -8.3616317e-07  -1.2572432e+00   7.6048587e-01
   8.0685703e-01   1.6093654e+00  -3.4906585e-01  -7.6691766e-07  -1.2605106e+00   7.6393900e-01
   8.0340379e-01   1.6126629e+00  -3.4906585e-01  -6.9137665e-07  -1.2637694e+00   7.6739219e-01
   7.9995028e-01   1.6159523e+00  -3.4906585e-01  -6.1097748e-07  -1.2670195e+00   7.7084564e-01
   7.9649622e-01   1.6192333e+00  -3.4906585e-01  -6.0288979e-07  -1.2702608e+00   7.7429964e-01
   7.9303731e-01   1.6225040e+00  -3.4906585e-01  -2.9004528e-06  -1.2735047e+00   7.7775777e-01
   7.8959280e-01   1.6257730e+00  -3.4906585e-01  -9.2566123e-06  -1.2767188e+00   7.8120509e-01
   7.8612782e-01   1.6285157e+00  -3.4815717e-01  -5.4402992e-07  -1.2803528e+00   7.8466855e-01
   7.8266704e-01   1.6307601e+00  -3.4637544e-01  -7.4721076e-07  -1.2843849e+00   7.8813097e-01
   7.7920670e-01   1.6331211e+00  -3.4481394e-01  -6.8279361e-07  -1.2883074e+00   7.9159125e-01
   7.7574435e-01   1.6354698e+00  -3.4324893e-01  -6.6906315e-07  -1.2922212e+00   7.9505351e-01
   7.7227960e-01   1.6378072e+00  -3.4168241e-01  -6.5263315e-07  -1.2961252e+00   7.9851817e-01
   7.6881237e-01   1.6401334e+00  -3.4011472e-01  -6.3642377e-07  -1.3000190e+00   8.0198531e-01
   7.6534241e-01   1.6424494e+00  -3.3854819e-01  -6.1861889e-07  -1.3039016e+00   8.0545517e-01
   7.6186942e-01   1.6447560e+00  -3.3698483e-01  -6.0071371e-07  -1.3077716e+00   8.0892808e-01
   7.5839303e-01   1.6470551e+00  -3.3542900e-01  -5.8146485e-07  -1.3116265e+00   8.1240438e-01
   7.5491269e-01   1.6493492e+00  -3.3388599e-01  -5.6233357e-07  -1.3154637e+00   8.1588463e-01
   7.5142850e-01   1.6516371e+00  -3.3235339e-01  -5.5335404e-07  -1.3192842e+00   8.1936875e-01
   7.4794029e-01   1.6539203e+00  -3.3083457e-01  -5.5105789e-07  -1.3230862e+00   8.2285690e-01
   7.4444418e-01   1.6562285e+00  -3.2936116e-01  -5.4083675e-06  -1.3268701e+00   8.2636022e-01
   7.4094923e-01   1.6584819e+00  -3.2785951e-01  -5.7672436e-07  -1.3306230e+00   8.2984790e-01
   7.3744454e-01   1.6607906e+00  -3.2643418e-01  -5.6336685e-06  -1.3343601e+00   8.3335846e-01
   7.3393785e-01   1.6630422e+00  -3.2497943e-01  -6.5170403e-07  -1.3380636e+00   8.3685919e-01
   7.3042348e-01   1.6653278e+00  -3.2358787e-01  -7.5812282e-07  -1.3417410e+00   8.4037346e-01
   7.2690327e-01   1.6676162e+00  -3.2222742e-01  -8.5812256e-07  -1.3453900e+00   8.4389360e-01
   7.2337647e-01   1.6699119e+00  -3.2090782e-01  -9.8624430e-07  -1.3490056e+00   8.4742029e-01
   7.1984297e-01   1.6722157e+00  -3.1963086e-01  -1.1322355e-06  -1.3525867e+00   8.5095362e-01
   7.1630259e-01   1.6745281e+00  -3.1839774e-01  -1.2883766e-06  -1.3561326e+00   8.5449377e-01
   7.1275464e-01   1.6768544e+00  -3.1722025e-01  -1.4596803e-06  -1.3596369e+00   8.5804139e-01
   7.0919939e-01   1.6791915e+00  -3.1609168e-01  -1.6073248e-06  -1.3631029e+00   8.6159630e-01
   7.0563554e-01   1.6815468e+00  -3.1502940e-01  -1.7415720e-06  -1.3665209e+00   8.6515966e-01
   7.0206377e-01   1.6839162e+00  -3.1402366e-01  -1.8211997e-06  -1.3698964e+00   8.6873100e-01
   6.9848254e-01   1.6863077e+00  -3.1309340e-01  -1.8316135e-06  -1.3732183e+00   8.7231175e-01
   6.9489248e-01   1.6887168e+00  -3.1222872e-01  -1.7618706e-06  -1.3764920e+00   8.7590150e-01
   6.9129221e-01   1.6911496e+00  -3.1144519e-01  -1.5517441e-06  -1.3797079e+00   8.7950163e-01
   6.8768190e-01   1.6936049e+00  -3.1073881e-01  -1.2129764e-06  -1.3828687e+00   8.8311218e-01
   6.8406487e-01   1.6961110e+00  -3.1015565e-01  -2.2103458e-06  -1.3859588e+00   8.8672648e-01
   6.8043259e-01   1.6986130e+00  -3.0961479e-01  -1.4334112e-06  -1.3890001e+00   8.9035989e-01
   6.7678945e-01   1.7012663e+00  -3.0936782e-01  -5.1572949e-08  -1.3918935e+00   8.9400745e-01
   6.7313849e-01   1.7037347e+00  -3.0885487e-01  -1.0022291e-06  -1.3948807e+00   8.9765483e-01
   6.6947414e-01   1.7063819e+00  -3.0867995e-01   4.9304671e-08  -1.3977025e+00   9.0132242e-01
   6.6579944e-01   1.7090108e+00  -3.0852783e-01   6.4072948e-08  -1.4004852e+00   9.0499708e-01
   6.6212215e-01   1.7116372e+00  -3.0838746e-01   6.4226472e-08  -1.4032529e+00   9.0867437e-01
   6.5845004e-01   1.7142527e+00  -3.0822012e-01   5.3688054e-08  -1.4060337e+00   9.1234649e-01
   6.5478300e-01   1.7168429e+00  -3.0800008e-01  -1.6505806e-09  -1.4088398e+00   9.1601368e-01
   6.5112287e-01   1.7192271e+00  -3.0741462e-01  -1.3024403e-06  -1.4118147e+00   9.1967010e-01
   6.4745498e-01   1.7216119e+00  -3.0685165e-01  -8.6648790e-07  -1.4147615e+00   9.2333870e-01
   6.4377674e-01   1.7239288e+00  -3.0620990e-01  -2.1234840e-06  -1.4177229e+00   9.2701530e-01
   6.4008002e-01   1.7261130e+00  -3.0540219e-01  -1.2215274e-06  -1.4207139e+00   9.3071449e-01
   6.3637266e-01   1.7282262e+00  -3.0451815e-01  -1.4099573e-06  -1.4237118e+00   9.3442188e-01
   6.3265195e-01   1.7302450e+00  -3.0352340e-01  -1.5612375e-06  -1.4267257e+00   9.3814289e-01
   6.2891884e-01   1.7321698e+00  -3.0241811e-01  -1.5831605e-06  -1.4297558e+00   9.4187644e-01
   6.2517392e-01   1.7340015e+00  -3.0120317e-01  -1.5193291e-06  -1.4328021e+00   9.4562182e-01
   6.2141707e-01   1.7357395e+00  -2.9987905e-01  -1.4021731e-06  -1.4358638e+00   9.4937908e-01
   6.1764961e-01   1.7373856e+00  -2.9844591e-01  -1.2630214e-06  -1.4389426e+00   9.5314686e-01
   6.1387170e-01   1.7389391e+00  -2.9690298e-01  -1.1151069e-06  -1.4420385e+00   9.5692502e-01
   6.1008342e-01   1.7403995e+00  -2.9525003e-01  -9.6994099e-07  -1.4451513e+00   9.6071346e-01
   6.0628579e-01   1.7417677e+00  -2.9348653e-01  -8.3909929e-07  -1.4482827e+00   9.6451118e-01
   6.0247884e-01   1.7430428e+00  -2.9161201e-01  -7.2080277e-07  -1.4514321e+00   9.6831817e-01
   5.9866296e-01   1.7442251e+00  -2.8962626e-01  -6.1876942e-07  -1.4545998e+00   9.7213405e-01
   5.9483896e-01   1.7453146e+00  -2.8752789e-01  -5.3383224e-07  -1.4577875e+00   9.7595804e-01
   5.9100645e-01   1.7463099e+00  -2.8531694e-01  -4.6124839e-07  -1.4609936e+00   9.7979051e-01
   5.8716657e-01   1.7472125e+00  -2.8299270e-01  -4.0542160e-07  -1.4642203e+00   9.8363035e-01
   5.8331927e-01   1.7480208e+00  -2.8055418e-01  -3.6092578e-07  -1.4674670e+00   9.8747762e-01
   5.7946514e-01   1.7487354e+00  -2.7800103e-01  -3.2875880e-07  -1.4707347e+00   9.9133172e-01
   5.7560466e-01   1.7493558e+00  -2.7533214e-01  -3.0687423e-07  -1.4740239e+00   9.9519217e-01
   5.7173762e-01   1.7498817e+00  -2.7254728e-01  -2.9281365e-07  -1.4773346e+00   9.9905919e-01
   5.6786530e-01   1.7503135e+00  -2.6964511e-01  -2.8707716e-07  -1.4806685e+00   1.0029315e+00
   5.6398484e-01   1.7506731e+00  -2.6664344e-01  -5.0510967e-06  -1.4840307e+00   1.0068186e+00
   5.6010195e-01   1.7509136e+00  -2.6350254e-01  -5.0751953e-06  -1.4874119e+00   1.0107014e+00
   5.5621407e-01   1.7510574e+00  -2.6024163e-01  -5.0551957e-06  -1.4908165e+00   1.0145891e+00
   5.5232227e-01   1.7511062e+00  -2.5685953e-01  -5.0676841e-06  -1.4942474e+00   1.0184807e+00
   5.4842620e-01   1.7510571e+00  -2.5335464e-01  -5.0617102e-06  -1.4977032e+00   1.0223765e+00
   5.4452684e-01   1.7509124e+00  -2.4972602e-01  -5.0851627e-06  -1.5011872e+00   1.0262756e+00
   5.4062850e-01   1.7506358e+00  -2.4593615e-01   1.1576383e-07  -1.5047039e+00   1.0301630e+00
   5.3672270e-01   1.7502950e+00  -2.4205505e-01   8.9406929e-09  -1.5082444e+00   1.0340687e+00
   5.3281390e-01   1.7498532e+00  -2.3804357e-01  -2.8342473e-07  -1.5118145e+00   1.0379771e+00
   5.2890306e-01   1.7493120e+00  -2.3390098e-01  -6.7389437e-07  -1.5154165e+00   1.0418874e+00
   5.2499010e-01   1.7486699e+00  -2.2962648e-01  -1.1841970e-06  -1.5190496e+00   1.0457996e+00
   5.2107288e-01   1.7479442e+00  -2.2524486e-01   1.8342072e-06  -1.5227006e+00   1.0497231e+00
   5.1715653e-01   1.7471016e+00  -2.2070385e-01   1.1989426e-06  -1.5263991e+00   1.0536394e+00
   5.1323928e-01   1.7461446e+00  -2.1601076e-01  -8.7223921e-07  -1.5301333e+00   1.0575559e+00
   5.0932127e-01   1.7450922e+00  -2.1118626e-01  -1.0060963e-06  -1.5339055e+00   1.0614737e+00
   5.0540233e-01   1.7439338e+00  -2.0621884e-01  -1.1200379e-06  -1.5377146e+00   1.0653924e+00
   5.0148372e-01   1.7426713e+00  -2.0110600e-01  -1.1841690e-06  -1.5415650e+00   1.0693109e+00
   4.9757078e-01   1.7413176e+00  -1.9583962e-01  -1.1978072e-06  -1.5454777e+00   1.0732238e+00
   4.9366583e-01   1.7398761e+00  -1.9041390e-01  -1.1676815e-06  -1.5494619e+00   1.0771288e+00
   4.8976894e-01   1.7383448e+00  -1.8482553e-01  -1.0906286e-06  -1.5535190e+00   1.0810258e+00
   4.8588004e-01   1.7367216e+00  -1.7907058e-01  -9.7158768e-07  -1.5576507e+00   1.0849150e+00
   4.8199353e-01   1.7350660e+00  -1.7326984e-01  -8.3673292e-07  -1.5617958e+00   1.0888017e+00
   4.7809432e-01   1.7335325e+00  -1.6773630e-01  -7.2813903e-07  -1.5657960e+00   1.0927011e+00
   4.7418043e-01   1.7321555e+00  -1.6253780e-01  -6.3291989e-07  -1.5696174e+00   1.0966151e+00
   4.7025349e-01   1.7309228e+00  -1.5765088e-01  -5.4329946e-07  -1.5732718e+00   1.1005421e+00
   4.6631391e-01   1.7298470e+00  -1.5309842e-01  -4.6837810e-07  -1.5767485e+00   1.1044818e+00
   4.6236352e-01   1.7289331e+00  -1.4888522e-01   1.4682737e-06  -1.5800485e+00   1.1084319e+00
   4.5840001e-01   1.7281738e+00  -1.4500826e-01   1.4114160e-06  -1.5831663e+00   1.1123957e+00
   4.5442530e-01   1.7275846e+00  -1.4149131e-01   1.3809041e-06  -1.5860940e+00   1.1163706e+00
   4.5044130e-01   1.7271507e+00  -1.3830932e-01  -9.5590234e-07  -1.5888404e+00   1.1203540e+00
   4.4644712e-01   1.7268930e+00  -1.3548985e-01   1.9662789e-06  -1.5914035e+00   1.1243492e+00
   4.4244405e-01   1.7268027e+00  -1.3302942e-01   3.2480361e-06  -1.5937732e+00   1.1283526e+00
   4.3843253e-01   1.7268739e+00  -1.3091316e-01   6.5604413e-06  -1.5959597e+00   1.1323651e+00
   4.3441753e-01   1.7271139e+00  -1.2914147e-01  -2.1951905e-06  -1.5979712e+00   1.1363754e+00
   4.3038649e-01   1.7275249e+00  -1.2774290e-01   3.9785154e-06  -1.5997813e+00   1.1404116e+00
   4.2635319e-01   1.7281026e+00  -1.2668913e-01   5.3669950e-06  -1.6014126e+00   1.1444460e+00
   4.2231483e-01   1.7288427e+00  -1.2597286e-01   3.9750941e-06  -1.6028695e+00   1.1484840e+00
   4.1827297e-01   1.7298768e+00  -1.2583914e-01  -6.6349968e-08  -1.6040303e+00   1.1525228e+00
   4.1422371e-01   1.7308974e+00  -1.2573143e-01   4.2728910e-08  -1.6051606e+00   1.1565722e+00
   4.1017002e-01   1.7319432e+00  -1.2571770e-01   7.1397969e-08  -1.6062282e+00   1.1606259e+00
   4.0611023e-01   1.7333885e+00  -1.2647081e-01   4.9671190e-06  -1.6069156e+00   1.1646889e+00
   4.0204901e-01   1.7349070e+00  -1.2740328e-01   4.2767249e-06  -1.6075016e+00   1.1687494e+00
   3.9798427e-01   1.7365462e+00  -1.2860752e-01   1.3677270e-05  -1.6079341e+00   1.1728164e+00
   3.9391792e-01   1.7383560e+00  -1.3014687e-01   5.0144643e-06  -1.6082075e+00   1.1768789e+00
   3.8984735e-01   1.7402819e+00  -1.3194592e-01   2.5517936e-06  -1.6083356e+00   1.1809487e+00
   3.8577449e-01   1.7423409e+00  -1.3403129e-01   1.5816564e-06  -1.6083098e+00   1.1850211e+00
   3.8170015e-01   1.7445261e+00  -1.3638891e-01   1.4308139e-06  -1.6081379e+00   1.1890946e+00
   3.7762474e-01   1.7468295e+00  -1.3900236e-01   1.1836455e-06  -1.6078287e+00   1.1931684e+00
   3.7354818e-01   1.7492451e+00  -1.4185955e-01   5.1496720e-07  -1.6073885e+00   1.1972427e+00
   3.6946146e-01   1.7517486e+00  -1.4491502e-01  -8.1495687e-07  -1.6068330e+00   1.2013355e+00
   3.6537946e-01   1.7543699e+00  -1.4822365e-01  -1.3896135e-06  -1.6061450e+00   1.2054179e+00
   3.6129587e-01   1.7570897e+00  -1.5174882e-01  -2.3183077e-06  -1.6053387e+00   1.2095021e+00
   3.5721055e-01   1.7599044e+00  -1.5548323e-01  -4.0226845e-06  -1.6044176e+00   1.2135886e+00
   3.5312284e-01   1.7628055e+00  -1.5940952e-01  -6.8446720e-06  -1.6033903e+00   1.2176782e+00
   3.4904463e-01   1.7657680e+00  -1.6348549e-01  -6.2028434e-07  -1.6022823e+00   1.2217522e+00
   3.4495834e-01   1.7688211e+00  -1.6776027e-01  -1.0381294e-06  -1.6010602e+00   1.2258388e+00
   3.4087117e-01   1.7719439e+00  -1.7219618e-01  -1.3976812e-06  -1.5997464e+00   1.2299262e+00
   3.3678399e-01   1.7751285e+00  -1.7677864e-01  -1.2071334e-06  -1.5983485e+00   1.2340134e+00
   3.3269681e-01   1.7783697e+00  -1.8149715e-01  -6.0467597e-07  -1.5968717e+00   1.2381002e+00
   3.2860909e-01   1.7816656e+00  -1.8634709e-01  -1.5422023e-07  -1.5953183e+00   1.2421875e+00
   3.2451649e-01   1.7850293e+00  -1.9135511e-01  -3.8190715e-07  -1.5936695e+00   1.2462821e+00
   3.2043006e-01   1.7884094e+00  -1.9642116e-01   2.3353217e-07  -1.5919876e+00   1.2503666e+00
   3.1634645e-01   1.7918438e+00  -2.0162952e-01   7.5719305e-06  -1.5902127e+00   1.2544479e+00
   3.1225052e-01   1.7953474e+00  -2.0695435e-01   1.8696053e-06  -1.5883933e+00   1.2585455e+00
   3.0816231e-01   1.7988785e+00  -2.1237981e-01   7.9264623e-06  -1.5864955e+00   1.2626332e+00
   3.0406495e-01   1.8024050e+00  -2.1783284e-01  -8.3789084e-08  -1.5845712e+00   1.2667315e+00
   2.9996781e-01   1.8059711e+00  -2.2336538e-01   1.8095146e-06  -1.5826022e+00   1.2708300e+00
   2.9586800e-01   1.8094569e+00  -2.2875742e-01   2.1486335e-06  -1.5806960e+00   1.2749298e+00
   2.9176074e-01   1.8128639e+00  -2.3399990e-01   7.9226969e-07  -1.5788597e+00   1.2790375e+00
   2.8764600e-01   1.8161952e+00  -2.3909905e-01  -9.4349710e-07  -1.5770892e+00   1.2831534e+00
   2.8352566e-01   1.8194489e+00  -2.4405159e-01  -2.5524109e-06  -1.5753877e+00   1.2872749e+00
   2.7941031e-01   1.8226112e+00  -2.4884155e-01  -2.2137692e-07  -1.5737684e+00   1.2913863e+00
   2.7528629e-01   1.8257514e+00  -2.5355965e-01   6.6475842e-06  -1.5721885e+00   1.2955094e+00
   2.7115560e-01   1.8288515e+00  -2.5817814e-01   5.3763334e-06  -1.5706714e+00   1.2996400e+00
   2.6702199e-01   1.8319276e+00  -2.6271909e-01   3.2213373e-06  -1.5692080e+00   1.3037737e+00
   2.6288594e-01   1.8349802e+00  -2.6718471e-01   1.4605410e-06  -1.5677957e+00   1.3079101e+00
   2.5874805e-01   1.8380097e+00  -2.7157679e-01   4.8035557e-07  -1.5664332e+00   1.3120483e+00
   2.5461145e-01   1.8410070e+00  -2.7589520e-01   4.5060035e-06  -1.5651102e+00   1.3161834e+00
   2.5046638e-01   1.8439922e+00  -2.8013677e-01   1.4097796e-07  -1.5638547e+00   1.3203299e+00
   2.4632162e-01   1.8469419e+00  -2.8429682e-01  -1.9459179e-08  -1.5626445e+00   1.3244748e+00
   2.4217251e-01   1.8498598e+00  -2.8837732e-01  -5.7504360e-07  -1.5614805e+00   1.3286251e+00
   2.3802418e-01   1.8527627e+00  -2.9239211e-01  -5.4788668e-08  -1.5603690e+00   1.3327729e+00
   2.3387168e-01   1.8556219e+00  -2.9631005e-01  -1.8650631e-07  -1.5593098e+00   1.3369258e+00
   2.2971681e-01   1.8584520e+00  -3.0014934e-01  -3.9140900e-07  -1.5583002e+00   1.3410812e+00
   2.2555923e-01   1.8612469e+00  -3.0390192e-01  -6.8820365e-07  -1.5573419e+00   1.3452393e+00
   2.2139919e-01   1.8640092e+00  -3.0757150e-01  -1.0738731e-06  -1.5564340e+00   1.3493999e+00
   2.1723673e-01   1.8667367e+00  -3.1115587e-01  -1.5079772e-06  -1.5555767e+00   1.3535630e+00
   2.1307188e-01   1.8694290e+00  -3.1465472e-01  -1.9722812e-06  -1.5547698e+00   1.3577284e+00
   2.0890494e-01   1.8720866e+00  -3.1806883e-01  -2.4439263e-06  -1.5540130e+00   1.3618959e+00
   2.0473570e-01   1.8747076e+00  -3.2139657e-01  -2.8651385e-06  -1.5533062e+00   1.3660655e+00
   2.0056444e-01   1.8772931e+00  -3.2463946e-01  -3.2311092e-06  -1.5526488e+00   1.3702370e+00
   1.9639120e-01   1.8798417e+00  -3.2779630e-01  -3.4988570e-06  -1.5520407e+00   1.3744103e+00
   1.9221593e-01   1.8823530e+00  -3.3086643e-01  -3.6661526e-06  -1.5514822e+00   1.3785855e+00
   1.8803882e-01   1.8848282e+00  -3.3385225e-01  -3.7154022e-06  -1.5509718e+00   1.3827625e+00
   1.8385963e-01   1.8872644e+00  -3.3675032e-01  -3.6489815e-06  -1.5505104e+00   1.3869413e+00
   1.7967878e-01   1.8896649e+00  -3.3956462e-01  -3.4901026e-06  -1.5500970e+00   1.3911218e+00
   1.7549605e-01   1.8920260e+00  -3.4229176e-01  -3.2451560e-06  -1.5497314e+00   1.3953041e+00
   1.7131146e-01   1.8943500e+00  -3.4493414e-01  -2.9459013e-06  -1.5494135e+00   1.3994882e+00
   1.6712516e-01   1.8966359e+00  -3.4749100e-01  -2.6126853e-06  -1.5491428e+00   1.4036740e+00
   1.6293992e-01   1.8983792e+00  -3.4906585e-01   3.0604585e-08  -1.5493380e+00   1.4078564e+00
   1.5875239e-01   1.8992424e+00  -3.4906585e-01   3.1054610e-06  -1.5502663e+00   1.4120430e+00
   1.5455683e-01   1.9001221e+00  -3.4906585e-01   2.0521313e-06  -1.5512090e+00   1.4162410e+00
   1.5036333e-01   1.9010119e+00  -3.4906585e-01  -1.6861732e-07  -1.5521654e+00   1.4204340e+00
   1.4617031e-01   1.9019187e+00  -3.4906585e-01  -6.0263965e-07  -1.5531384e+00   1.4246259e+00
   1.4197437e-01   1.9028244e+00  -3.4906585e-01  -5.6196297e-07  -1.5541032e+00   1.4288218e+00
   1.3777737e-01   1.9037383e+00  -3.4906585e-01  -5.3294852e-07  -1.5550737e+00   1.4330188e+00
   1.3357914e-01   1.9046603e+00  -3.4906585e-01  -5.0375732e-07  -1.5560501e+00   1.4372170e+00
   1.2937859e-01   1.9055774e+00  -3.4906585e-01   8.1767515e-07  -1.5570166e+00   1.4414183e+00
   1.2517860e-01   1.9065153e+00  -3.4906585e-01   8.7871896e-07  -1.5580041e+00   1.4456183e+00
   1.2097768e-01   1.9074611e+00  -3.4906585e-01   9.2038408e-07  -1.5589970e+00   1.4498192e+00
   1.1677611e-01   1.9084142e+00  -3.4906585e-01   9.6199061e-07  -1.5599949e+00   1.4540208e+00
   1.1257388e-01   1.9093752e+00  -3.4906585e-01   1.0051738e-06  -1.5609983e+00   1.4582230e+00
   1.0837128e-01   1.9103433e+00  -3.4906585e-01   1.0475450e-06  -1.5620063e+00   1.4624256e+00
   1.0416816e-01   1.9113185e+00  -3.4906585e-01   1.0910473e-06  -1.5630189e+00   1.4666287e+00
   9.9964807e-02   1.9123005e+00  -3.4906585e-01   1.1350152e-06  -1.5640359e+00   1.4708321e+00
   9.5761326e-02   1.9132892e+00  -3.4906585e-01   1.1797939e-06  -1.5650572e+00   1.4750356e+00
   9.1557792e-02   1.9142851e+00  -3.4906585e-01   1.2270672e-06  -1.5660832e+00   1.4792391e+00
   8.7354203e-02   1.9152875e+00  -3.4906585e-01   1.2740883e-06  -1.5671131e+00   1.4834427e+00
   8.3150683e-02   1.9162963e+00  -3.4906585e-01   1.3220469e-06  -1.5681469e+00   1.4876462e+00
   7.8947444e-02   1.9173113e+00  -3.4906585e-01   1.3711369e-06  -1.5691845e+00   1.4918494e+00
   7.4744616e-02   1.9183323e+00  -3.4906585e-01   1.4210750e-06  -1.5702255e+00   1.4960522e+00
   7.0542048e-02   1.9193594e+00  -3.4906585e-01   1.4725971e-06  -1.5712701e+00   1.5002548e+00
   6.6340237e-02   1.9203926e+00  -3.4906585e-01   1.5254770e-06  -1.5723182e+00   1.5044566e+00
   6.2139002e-02   1.9214318e+00  -3.4906585e-01   1.5792073e-06  -1.5733697e+00   1.5086579e+00
   5.7938641e-02   1.9224765e+00  -3.4906585e-01   1.6331233e-06  -1.5744242e+00   1.5128582e+00
   5.3739281e-02   1.9235266e+00  -3.4906585e-01   1.6879045e-06  -1.5754816e+00   1.5170576e+00
   4.9540855e-02   1.9245822e+00  -3.4906585e-01   1.7432345e-06  -1.5765419e+00   1.5212560e+00
   4.5343579e-02   1.9256431e+00  -3.4906585e-01   1.7988746e-06  -1.5776048e+00   1.5254533e+00
   4.1147576e-02   1.9267092e+00  -3.4906585e-01   1.8546039e-06  -1.5786703e+00   1.5296493e+00
   3.6953022e-02   1.9277803e+00  -3.4906585e-01   1.9102996e-06  -1.5797383e+00   1.5338438e+00
   3.2759941e-02   1.9288563e+00  -3.4906585e-01   1.9652939e-06  -1.5808085e+00   1.5380369e+00
   2.8568455e-02   1.9299372e+00  -3.4906585e-01   2.0201461e-06  -1.5818810e+00   1.5422284e+00
   2.4378740e-02   1.9310227e+00  -3.4906585e-01   2.0731591e-06  -1.5829555e+00   1.5464181e+00
   2.0190967e-02   1.9321130e+00  -3.4906585e-01   2.1260444e-06  -1.5840322e+00   1.5506059e+00
   1.6005113e-02   1.9332078e+00  -3.4906585e-01   2.1757901e-06  -1.5851107e+00   1.5547917e+00
   1.1821250e-02   1.9343069e+00  -3.4906585e-01   2.2233205e-06  -1.5861909e+00   1.5589756e+00
   7.6397036e-03   1.9354103e+00  -3.4906585e-01   2.2681815e-06  -1.5872727e+00   1.5631571e+00
   3.4604472e-03   1.9365178e+00  -3.4906585e-01   2.3097256e-06  -1.5883560e+00   1.5673364e+00
  -7.1641532e-04   1.9376293e+00  -3.4906585e-01   2.3518634e-06  -1.5894406e+00   1.5715133e+00
  -4.8906168e-03   1.9387447e+00  -3.4906585e-01   2.3853077e-06  -1.5905265e+00   1.5756875e+00
  -9.0622042e-03   1.9398640e+00  -3.4906585e-01   2.4141297e-06  -1.5916136e+00   1.5798591e+00
  -1.3230904e-02   1.9409869e+00  -3.4906585e-01   2.4372073e-06  -1.5927017e+00   1.5840278e+00
  -1.7396892e-02   1.9421133e+00  -3.4906585e-01   2.4548056e-06  -1.5937906e+00   1.5881938e+00
  -2.1559645e-02   1.9432433e+00  -3.4906585e-01   2.4666380e-06  -1.5948804e+00   1.5923565e+00
  -2.5719137e-02   1.9443767e+00  -3.4906585e-01   2.4714545e-06  -1.5959709e+00   1.5965160e+00
  -2.9875551e-02   1.9455133e+00  -3.4906585e-01   2.4699375e-06  -1.5970620e+00   1.6006725e+00
  -3.4028455e-02   1.9466530e+00  -3.4906585e-01   2.4609021e-06  -1.5981534e+00   1.6048254e+00
  -3.8177732e-02   1.9477959e+00  -3.4906585e-01   2.4450788e-06  -1.5992454e+00   1.6089747e+00
  -4.2323489e-02   1.9489411e+00  -3.4906585e-01   2.4592404e-06  -1.6003371e+00   1.6131204e+00
  -4.6466189e-02   1.9501007e+00  -3.4906585e-01  -1.4359467e-06  -1.6014457e+00   1.6172622e+00
  -5.0604455e-02   1.9512362e+00  -3.4906585e-01   2.2937800e-06  -1.6025140e+00   1.6214023e+00
  -5.4740398e-02   1.9523953e+00  -3.4906585e-01  -2.1742412e-06  -1.6036189e+00   1.6255365e+00
  -5.8872199e-02   1.9535412e+00  -3.4906585e-01  -8.2588572e-07  -1.6046987e+00   1.6296689e+00
  -6.2999216e-02   1.9546919e+00  -3.4906585e-01  -1.0868098e-06  -1.6057821e+00   1.6337961e+00
  -6.7121891e-02   1.9558399e+00  -3.4906585e-01  -4.9062926e-07  -1.6068597e+00   1.6379186e+00
  -7.1242511e-02   1.9569982e+00  -3.4906585e-01  -2.5455577e-06  -1.6079481e+00   1.6420409e+00
  -7.5353869e-02   1.9568295e+00  -3.4674265e-01   2.0672782e-07  -1.6100875e+00   1.6461495e+00
  -7.9462683e-02   1.9564076e+00  -3.4394299e-01  -8.6356490e-07  -1.6124651e+00   1.6502572e+00
  -8.3567807e-02   1.9559277e+00  -3.4104093e-01  -1.1161892e-06  -1.6148874e+00   1.6543621e+00
  -8.7669207e-02   1.9553885e+00  -3.3803341e-01  -7.4542656e-07  -1.6173558e+00   1.6584643e+00
  -9.1758476e-02   1.9548052e+00  -3.3495054e-01  -6.0626094e-06  -1.6198536e+00   1.6625455e+00
  -9.5856431e-02   1.9541994e+00  -3.3184989e-01  -5.4115300e-06  -1.6223489e+00   1.6666446e+00
  -9.9955154e-02   1.9535741e+00  -3.2873236e-01  -3.9703133e-06  -1.6248414e+00   1.6707460e+00
  -1.0405239e-01   1.9529302e+00  -3.2559805e-01  -2.6119355e-06  -1.6273318e+00   1.6748455e+00
  -1.0814797e-01   1.9522681e+00  -3.2244739e-01  -1.5990670e-06  -1.6298202e+00   1.6789426e+00
  -1.1224194e-01   1.9515871e+00  -3.1927934e-01  -9.4470236e-07  -1.6323073e+00   1.6830375e+00
  -1.1633097e-01   1.9509107e+00  -3.1611629e-01  -8.5301276e-06  -1.6347975e+00   1.6871216e+00
  -1.2042412e-01   1.9501867e+00  -3.1290734e-01  -6.9503023e-06  -1.6372825e+00   1.6912164e+00
  -1.2451701e-01   1.9494447e+00  -3.0968421e-01  -5.0438599e-06  -1.6397636e+00   1.6953115e+00
  -1.2860852e-01   1.9486875e+00  -3.0644982e-01  -4.4677933e-06  -1.6422407e+00   1.6994043e+00
  -1.3269931e-01   1.9479151e+00  -3.0320487e-01  -5.2160839e-06  -1.6447135e+00   1.7034959e+00
  -1.3678971e-01   1.9471267e+00  -2.9994847e-01  -6.8594948e-06  -1.6471819e+00   1.7075872e+00
  -1.4088021e-01   1.9463224e+00  -2.9668133e-01  -9.0972581e-06  -1.6496452e+00   1.7116789e+00
  -1.4496247e-01   1.9454832e+00  -2.9338692e-01  -7.4589957e-07  -1.6520959e+00   1.7157588e+00
  -1.4904986e-01   1.9446426e+00  -2.9009265e-01  -1.3538996e-06  -1.6545497e+00   1.7198465e+00
  -1.5313682e-01   1.9437866e+00  -2.8678930e-01  -1.8282838e-06  -1.6569972e+00   1.7239336e+00
  -1.5722337e-01   1.9429161e+00  -2.8347839e-01  -2.4000871e-06  -1.6594377e+00   1.7280204e+00
  -1.6130934e-01   1.9420300e+00  -2.8015831e-01  -3.0670826e-06  -1.6618718e+00   1.7321067e+00
  -1.6539498e-01   1.9411299e+00  -2.7683202e-01  -3.8066907e-06  -1.6642981e+00   1.7361926e+00
  -1.6948030e-01   1.9402161e+00  -2.7350016e-01  -4.6186948e-06  -1.6667163e+00   1.7402782e+00
  -1.7356511e-01   1.9392894e+00  -2.7016477e-01  -5.4890670e-06  -1.6691250e+00   1.7443633e+00
  -1.7764955e-01   1.9383503e+00  -2.6682646e-01  -6.4155778e-06  -1.6715243e+00   1.7484480e+00
  -1.8173362e-01   1.9373989e+00  -2.6348583e-01  -7.3941322e-06  -1.6739135e+00   1.7525323e+00
  -1.8581740e-01   1.9364350e+00  -2.6014225e-01  -8.4260394e-06  -1.6762932e+00   1.7566162e+00
  -1.8990097e-01   1.9354601e+00  -2.5679887e-01  -9.4798984e-06  -1.6786616e+00   1.7606999e+00
  -1.9398393e-01   1.9344738e+00  -2.5345493e-01  -1.0575278e-05  -1.6810192e+00   1.7647829e+00
  -1.9806680e-01   1.9334765e+00  -2.5011119e-01  -1.1682483e-05  -1.6833655e+00   1.7688658e+00
  -2.0214942e-01   1.9324692e+00  -2.4676984e-01  -1.2769854e-05  -1.6856994e+00   1.7729483e+00
  -2.0622349e-01   1.9314692e+00  -2.4345862e-01  -7.8723650e-07  -1.6880115e+00   1.7770200e+00
  -2.1030531e-01   1.9304430e+00  -2.4012377e-01  -9.5803611e-07  -1.6903201e+00   1.7811018e+00
  -2.1438689e-01   1.9294081e+00  -2.3679405e-01  -9.7631546e-07  -1.6926150e+00   1.7851834e+00
  -2.1846805e-01   1.9283656e+00  -2.3347145e-01  -9.1186701e-07  -1.6948950e+00   1.7892645e+00
  -2.2255583e-01   1.9272952e+00  -2.3012603e-01  -1.3298703e-05  -1.6971689e+00   1.7933528e+00
  -2.2663053e-01   1.9262578e+00  -2.2684738e-01  -8.1371218e-07  -1.6994112e+00   1.7974269e+00
  -2.3071445e-01   1.9251788e+00  -2.2352836e-01  -6.2760813e-06  -1.7016502e+00   1.8015109e+00
  -2.3479449e-01   1.9241110e+00  -2.2024346e-01  -4.4713724e-06  -1.7038674e+00   1.8055909e+00
  -2.3887372e-01   1.9230443e+00  -2.1697976e-01  -1.0203861e-06  -1.7060645e+00   1.8096701e+00
  -2.4295719e-01   1.9219596e+00  -2.1371140e-01  -2.0982368e-06  -1.7082485e+00   1.8137543e+00
  -2.4703537e-01   1.9208779e+00  -2.1046241e-01  -1.0109389e-06  -1.7104154e+00   1.8178316e+00
  -2.5112299e-01   1.9197860e+00  -2.0723669e-01  -3.8386821e-06  -1.7125487e+00   1.8219206e+00
  -2.5519751e-01   1.9187080e+00  -2.0402546e-01   5.1861487e-07  -1.7146827e+00   1.8259941e+00
  -2.5927936e-01   1.9176296e+00  -2.0085635e-01   6.4346541e-07  -1.7167721e+00   1.8300760e+00
  -2.6336528e-01   1.9165105e+00  -1.9764628e-01  -5.1434714e-07  -1.7188633e+00   1.8341632e+00
  -2.6744318e-01   1.9154240e+00  -1.9448782e-01   7.7472205e-06  -1.7209372e+00   1.8382429e+00
  -2.7152720e-01   1.9143226e+00  -1.9134639e-01   6.0628041e-06  -1.7229761e+00   1.8423276e+00
  -2.7560533e-01   1.9132328e+00  -1.8823724e-01   1.6532890e-06  -1.7249954e+00   1.8464026e+00
  -2.7968769e-01   1.9121332e+00  -1.8513935e-01   3.6730382e-06  -1.7269935e+00   1.8504861e+00
  -2.8377102e-01   1.9110313e+00  -1.8205970e-01   9.9826244e-06  -1.7289706e+00   1.8545728e+00
  -2.8785093e-01   1.9099581e+00  -1.7904572e-01   1.2315869e-06  -1.7309132e+00   1.8586480e+00
  -2.9193325e-01   1.9088695e+00  -1.7603419e-01   1.3004834e-06  -1.7328361e+00   1.8627304e+00
  -2.9601584e-01   1.9077849e+00  -1.7305260e-01   1.5452419e-06  -1.7347332e+00   1.8668131e+00
  -3.0009877e-01   1.9067102e+00  -1.7011350e-01   1.6032024e-06  -1.7365975e+00   1.8708961e+00
  -3.0418182e-01   1.9056412e+00  -1.6720812e-01   1.5329431e-06  -1.7384339e+00   1.8749792e+00
  -3.0826513e-01   1.9045777e+00  -1.6433581e-01   1.3924689e-06  -1.7402426e+00   1.8790624e+00
  -3.1234859e-01   1.9035204e+00  -1.6149811e-01   1.2164186e-06  -1.7420230e+00   1.8831458e+00
  -3.1643212e-01   1.9024702e+00  -1.5869665e-01   1.0263934e-06  -1.7437743e+00   1.8872292e+00
  -3.2051588e-01   1.9014272e+00  -1.5593180e-01   8.3599811e-07  -1.7454961e+00   1.8913129e+00
  -3.2460447e-01   1.9003796e+00  -1.5318200e-01   1.1101697e-05  -1.7471944e+00   1.8954091e+00
  -3.2868792e-01   1.8993549e+00  -1.5049792e-01   7.8973380e-06  -1.7488543e+00   1.8994904e+00
  -3.3277184e-01   1.8983386e+00  -1.4785268e-01   6.8787142e-06  -1.7504835e+00   1.9035735e+00
  -3.3685602e-01   1.8973411e+00  -1.4526739e-01   5.4406759e-06  -1.7520718e+00   1.9076565e+00
  -3.4094071e-01   1.8963556e+00  -1.4272813e-01   4.2617594e-06  -1.7536260e+00   1.9117402e+00
  -3.4502534e-01   1.8953825e+00  -1.4023531e-01   3.1559109e-06  -1.7551462e+00   1.9158239e+00
  -3.4911047e-01   1.8944220e+00  -1.3778910e-01   2.1862471e-06  -1.7566322e+00   1.9199082e+00
  -3.5319600e-01   1.8934750e+00  -1.3539116e-01   1.3955682e-06  -1.7580834e+00   1.9239931e+00
  -3.5728341e-01   1.8925646e+00  -1.3306466e-01   1.0042889e-05  -1.7595010e+00   1.9280851e+00
  -3.6136552e-01   1.8916400e+00  -1.3075950e-01   7.3342389e-06  -1.7608847e+00   1.9321636e+00
  -3.6545403e-01   1.8907132e+00  -1.2848630e-01   9.5419888e-07  -1.7622270e+00   1.9362504e+00
  -3.6953944e-01   1.8898284e+00  -1.2629987e-01   2.1457368e-06  -1.7635298e+00   1.9403356e+00
  -3.7362135e-01   1.8889635e+00  -1.2417390e-01   5.3371975e-06  -1.7647952e+00   1.9444161e+00
  -3.7771390e-01   1.8881178e+00  -1.2210388e-01   1.2566596e-06  -1.7660166e+00   1.9485097e+00
  -3.8179619e-01   1.8872821e+00  -1.2008287e-01   4.3452862e-06  -1.7672057e+00   1.9525907e+00
  -3.8588363e-01   1.8864731e+00  -1.1813307e-01   3.6752402e-06  -1.7683463e+00   1.9566779e+00
  -3.8997201e-01   1.8856839e+00  -1.1624355e-01   2.5312184e-06  -1.7694460e+00   1.9607662e+00
  -3.9406115e-01   1.8849145e+00  -1.1441424e-01   1.2617930e-06  -1.7705049e+00   1.9648555e+00
  -3.9815070e-01   1.8841692e+00  -1.1265398e-01   1.2625721e-07  -1.7715188e+00   1.9689453e+00
  -4.0224009e-01   1.8834532e+00  -1.1097332e-01  -6.7946973e-07  -1.7724825e+00   1.9730349e+00
  -4.0633512e-01   1.8827489e+00  -1.0934547e-01   1.3493169e-06  -1.7734047e+00   1.9771325e+00
  -4.1042476e-01   1.8820730e+00  -1.0778823e-01  -2.3577933e-06  -1.7742860e+00   1.9812208e+00
  -4.1451106e-01   1.8814443e+00  -1.0632606e-01   2.5289852e-06  -1.7751190e+00   1.9853092e+00
  -4.1860005e-01   1.8808154e+00  -1.0490378e-01   3.2727701e-06  -1.7759126e+00   1.9893985e+00
  -4.2268828e-01   1.8802089e+00  -1.0354747e-01   3.9615936e-06  -1.7766626e+00   1.9934869e+00
  -4.2677567e-01   1.8796329e+00  -1.0227153e-01   6.7658225e-06  -1.7773631e+00   1.9975750e+00
  -4.3086308e-01   1.8790697e+00  -1.0105507e-01   3.0497775e-06  -1.7780152e+00   2.0016603e+00
  -4.3494446e-01   1.8785565e+00  -9.9944413e-02   1.0502120e-05  -1.7786157e+00   2.0057428e+00
  -4.3903744e-01   1.8780491e+00  -9.8870171e-02   3.8845216e-06  -1.7791814e+00   2.0098341e+00
  -4.4312540e-01   1.8775804e+00  -9.7891935e-02   2.1079413e-06  -1.7796905e+00   2.0139211e+00
  -4.4721826e-01   1.8771560e+00  -9.7008236e-02   3.8617446e-06  -1.7801437e+00   2.0180162e+00
  -4.5130519e-01   1.8767209e+00  -9.6152194e-02   4.8215574e-06  -1.7805708e+00   2.0221027e+00
  -4.5539078e-01   1.8763379e+00  -9.5406387e-02   7.3483777e-06  -1.7809351e+00   2.0261885e+00
  -4.5948293e-01   1.8759763e+00  -9.4724497e-02   1.1722559e-06  -1.7812542e+00   2.0302789e+00
  -4.6357000e-01   1.8756434e+00  -9.4112428e-02   4.9615389e-06  -1.7815282e+00   2.0343674e+00
  -4.6766714e-01   1.8752611e+00  -9.3428079e-02   2.8863708e-06  -1.7818331e+00   2.0384657e+00
  -4.7174647e-01   1.8747906e+00  -9.2578088e-02   4.2346735e-06  -1.7822103e+00   2.0425439e+00
  -4.7583438e-01   1.8742469e+00  -9.1600249e-02   3.1217834e-06  -1.7826453e+00   2.0466316e+00
  -4.7991575e-01   1.8736199e+00  -9.0475445e-02   2.4134823e-06  -1.7831464e+00   2.0507116e+00
  -4.8400447e-01   1.8729208e+00  -8.9217143e-02   1.8470269e-06  -1.7837055e+00   2.0548011e+00
  -4.8808688e-01   1.8721428e+00  -8.7817388e-02   4.8558456e-06  -1.7843281e+00   2.0588847e+00
  -4.9217027e-01   1.8713060e+00  -8.6312975e-02   1.4401837e-05  -1.7849940e+00   2.0629728e+00
  -4.9625444e-01   1.8703657e+00  -8.4617912e-02   1.3893810e-05  -1.7857465e+00   2.0670579e+00
  -5.0032961e-01   1.8693230e+00  -8.2738308e-02   1.2991540e-06  -1.7865851e+00   2.0711267e+00
  -5.0440657e-01   1.8682797e+00  -8.0871855e-02   1.4889409e-06  -1.7874086e+00   2.0752037e+00
  -5.0847574e-01   1.8673122e+00  -7.9178253e-02   4.9779070e-06  -1.7881354e+00   2.0792722e+00
  -5.1255975e-01   1.8664940e+00  -7.7789571e-02   2.2791416e-06  -1.7887079e+00   2.0833566e+00
  -5.1663849e-01   1.8658092e+00  -7.6679224e-02   6.7370795e-06  -1.7891213e+00   2.0874374e+00
  -5.2071582e-01   1.8652001e+00  -7.5742391e-02   2.5857840e-06  -1.7894558e+00   2.0915125e+00
  -5.2479460e-01   1.8647267e+00  -7.5089643e-02   3.2475706e-06  -1.7896369e+00   2.0955919e+00
  -5.2887749e-01   1.8645766e+00  -7.5041345e-02  -1.2226457e-06  -1.7895248e+00   2.0996737e+00
  -5.3295223e-01   1.8643744e+00  -7.4954591e-02   2.3611385e-06  -1.7894067e+00   2.1037494e+00
  -5.3702951e-01   1.8641689e+00  -7.4888895e-02   1.3841558e-06  -1.7892694e+00   2.1078264e+00
  -5.4111182e-01   1.8639822e+00  -7.4883978e-02  -4.8037871e-06  -1.7890977e+00   2.1119078e+00
  -5.4518457e-01   1.8638056e+00  -7.4938755e-02  -2.5518035e-06  -1.7888753e+00   2.1159806e+00
  -5.4925665e-01   1.8640881e+00  -7.5876306e-02   5.5260408e-06  -1.7882099e+00   2.1200557e+00
  -5.5333138e-01   1.8643481e+00  -7.6785821e-02   3.8834590e-06  -1.7875609e+00   2.1241300e+00
  -5.5740514e-01   1.8647032e+00  -7.7897054e-02   2.9760463e-06  -1.7868055e+00   2.1282038e+00
  -5.6147748e-01   1.8651428e+00  -7.9194612e-02   2.8998858e-06  -1.7859478e+00   2.1322763e+00
  -5.6554467e-01   1.8656856e+00  -8.0699809e-02  -2.2106639e-06  -1.7849845e+00   2.1363394e+00
  -5.6961370e-01   1.8662922e+00  -8.2362265e-02  -1.4151498e-06  -1.7839281e+00   2.1404086e+00
  -5.7368045e-01   1.8669811e+00  -8.4202811e-02  -6.4944031e-07  -1.7827753e+00   2.1444748e+00
  -5.7774515e-01   1.8677466e+00  -8.6211421e-02   8.8930530e-07  -1.7815302e+00   2.1485387e+00
  -5.8180797e-01   1.8685837e+00  -8.8379153e-02   3.2562405e-06  -1.7801974e+00   2.1526007e+00
  -5.8587084e-01   1.8694891e+00  -9.0700190e-02   5.5203798e-06  -1.7787802e+00   2.1566632e+00
  -5.8994350e-01   1.8704481e+00  -9.3145040e-02   5.8899640e-07  -1.7773024e+00   2.1607396e+00
  -5.9400386e-01   1.8714824e+00  -9.5760027e-02   1.6565528e-06  -1.7757189e+00   2.1647993e+00
  -5.9805837e-01   1.8725746e+00  -9.8498812e-02   7.0349768e-06  -1.7740691e+00   2.1688521e+00
  -6.0212353e-01   1.8737194e+00  -1.0136232e-01   3.1358240e-06  -1.7723552e+00   2.1729193e+00
  -6.0618434e-01   1.8749130e+00  -1.0434240e-01   9.4758334e-07  -1.7705705e+00   2.1769808e+00
  -6.1024170e-01   1.8761612e+00  -1.0744781e-01   7.7088707e-07  -1.7687136e+00   2.1810383e+00
  -6.1429789e-01   1.8774599e+00  -1.1066967e-01   1.4969523e-06  -1.7667907e+00   2.1850951e+00
  -6.1835343e-01   1.8788031e+00  -1.1399865e-01   2.7762633e-06  -1.7648053e+00   2.1891519e+00
  -6.2240863e-01   1.8801858e+00  -1.1742493e-01   4.4245911e-06  -1.7627623e+00   2.1932089e+00
  -6.2646264e-01   1.8816050e+00  -1.2094207e-01   6.3359167e-06  -1.7606650e+00   2.1972651e+00
  -6.3051604e-01   1.8830567e+00  -1.2454248e-01   8.3879048e-06  -1.7585170e+00   2.2013207e+00
  -6.3456144e-01   1.8845201e+00  -1.2818779e-01   4.0231656e-07  -1.7563314e+00   2.2053583e+00
  -6.3861163e-01   1.8860323e+00  -1.3194471e-01   9.4731127e-07  -1.7540865e+00   2.2094089e+00
  -6.4266076e-01   1.8875689e+00  -1.3576860e-01   1.2704223e-06  -1.7517992e+00   2.2134583e+00
  -6.4670931e-01   1.8891289e+00  -1.3965766e-01   1.5923300e-06  -1.7494701e+00   2.2175071e+00
  -6.5075686e-01   1.8907090e+00  -1.4360552e-01   1.8850238e-06  -1.7471023e+00   2.2215548e+00
  -6.5480410e-01   1.8923074e+00  -1.4760881e-01   2.1286667e-06  -1.7446974e+00   2.2256022e+00
  -6.5885059e-01   1.8939211e+00  -1.5166141e-01   2.2876219e-06  -1.7422584e+00   2.2296487e+00
  -6.6289659e-01   1.8955480e+00  -1.5575951e-01   2.3171648e-06  -1.7397872e+00   2.2336947e+00
  -6.6694227e-01   1.8971857e+00  -1.5989837e-01   2.1582184e-06  -1.7372861e+00   2.2377402e+00
  -6.7098758e-01   1.8988313e+00  -1.6407225e-01   1.7606574e-06  -1.7347578e+00   2.2417851e+00
  -6.7503279e-01   1.9004833e+00  -1.6827841e-01   1.1384047e-06  -1.7322038e+00   2.2458299e+00
  -6.7908118e-01   1.9021686e+00  -1.7255495e-01   1.1309042e-05  -1.7296144e+00   2.2498845e+00
  -6.8312587e-01   1.9038301e+00  -1.7681909e-01   9.6416271e-06  -1.7270115e+00   2.2539281e+00
  -6.8716883e-01   1.9054819e+00  -1.8108875e-01   2.6283630e-06  -1.7243934e+00   2.2579668e+00
  -6.9121577e-01   1.9071520e+00  -1.8540932e-01   2.3856583e-06  -1.7217419e+00   2.2620143e+00
  -6.9525793e-01   1.9088228e+00  -1.8975139e-01   1.3905575e-06  -1.7190717e+00   2.2660549e+00
  -6.9930413e-01   1.9104849e+00  -1.9409832e-01   3.5068328e-07  -1.7163861e+00   2.2701008e+00
  -7.0334931e-01   1.9121456e+00  -1.9845961e-01   8.3840944e-08  -1.7136857e+00   2.2741457e+00
  -7.0739951e-01   1.9137880e+00  -2.0278777e-01   8.4526176e-08  -1.7110021e+00   2.2781966e+00
  -7.1144709e-01   1.9154834e+00  -2.0724151e-01   4.4451067e-06  -1.7082423e+00   2.2822461e+00
  -7.1549058e-01   1.9170999e+00  -2.1159799e-01  -7.3543381e-07  -1.7055013e+00   2.2862871e+00
  -7.1953886e-01   1.9187437e+00  -2.1599485e-01  -3.5495842e-06  -1.7027492e+00   2.2903348e+00
  -7.2359178e-01   1.9203647e+00  -2.2037319e-01  -6.0063060e-06  -1.6999899e+00   2.2943891e+00
  -7.2763625e-01   1.9219800e+00  -2.2476133e-01  -1.7461778e-06  -1.6972188e+00   2.2984327e+00
  -7.3168756e-01   1.9235919e+00  -2.2915695e-01  -4.2398195e-06  -1.6944350e+00   2.3024842e+00
  -7.3574181e-01   1.9251911e+00  -2.3354649e-01  -9.9325515e-06  -1.6916443e+00   2.3065391e+00
  -7.3978832e-01   1.9267416e+00  -2.3787522e-01  -7.3208761e-07  -1.6888654e+00   2.3105848e+00
  -7.4384178e-01   1.9282985e+00  -2.4222224e-01  -7.6687356e-07  -1.6860752e+00   2.3146383e+00
  -7.4789646e-01   1.9298382e+00  -2.4655407e-01  -9.2498193e-07  -1.6832830e+00   2.3186930e+00
  -7.5195207e-01   1.9313638e+00  -2.5087746e-01  -9.8084363e-07  -1.6804852e+00   2.3227486e+00
  -7.5600827e-01   1.9328772e+00  -2.5519608e-01  -9.5739827e-07  -1.6776800e+00   2.3268049e+00
  -7.6006635e-01   1.9343702e+00  -2.5949279e-01  -8.7871671e-07  -1.6748762e+00   2.3308630e+00
  -7.6412556e-01   1.9358410e+00  -2.6376451e-01  -7.6585718e-07  -1.6720754e+00   2.3349222e+00
  -7.6818674e-01   1.9372898e+00  -2.6801124e-01  -6.3670219e-07  -1.6692775e+00   2.3389833e+00
  -7.7224956e-01   1.9387156e+00  -2.7223087e-01  -5.0205721e-07  -1.6664838e+00   2.3430461e+00
  -7.7632220e-01   1.9401486e+00  -2.7647461e-01  -1.0285369e-05  -1.6636723e+00   2.3471229e+00
  -7.8038578e-01   1.9415387e+00  -2.8066185e-01  -7.6496163e-06  -1.6608754e+00   2.3511858e+00
  -7.8445215e-01   1.9429050e+00  -2.8481988e-01  -6.3694189e-06  -1.6580839e+00   2.3552517e+00
  -7.8852014e-01   1.9442451e+00  -2.8894441e-01  -5.0510767e-06  -1.6552997e+00   2.3593191e+00
  -7.9259032e-01   1.9455594e+00  -2.9303596e-01  -3.8666425e-06  -1.6525229e+00   2.3633887e+00
  -7.9666216e-01   1.9468549e+00  -2.9710862e-01  -2.8691355e-06  -1.6497460e+00   2.3674600e+00
  -8.0073558e-01   1.9481303e+00  -3.0116006e-01  -2.0098920e-06  -1.6469703e+00   2.3715329e+00
  -8.0481136e-01   1.9493780e+00  -3.0517453e-01  -1.2842216e-06  -1.6442038e+00   2.3756082e+00
  -8.0888987e-01   1.9505977e+00  -3.0915131e-01  -7.3752159e-07  -1.6414469e+00   2.3796864e+00
  -8.1297098e-01   1.9517892e+00  -3.1309011e-01  -3.2871852e-07  -1.6386997e+00   2.3837673e+00
  -8.1705843e-01   1.9529540e+00  -3.1701096e-01  -5.0632318e-06  -1.6359386e+00   2.3878575e+00
  -8.2113970e-01   1.9541056e+00  -3.2090470e-01  -1.3749364e-06  -1.6331976e+00   2.3919369e+00
  -8.2522619e-01   1.9552260e+00  -3.2475484e-01  -1.9693666e-07  -1.6304682e+00   2.3960229e+00
  -8.2931599e-01   1.9563158e+00  -3.2856183e-01   9.4972544e-08  -1.6277510e+00   2.4001126e+00
  -8.3340735e-01   1.9573807e+00  -3.3233829e-01  -7.3932547e-07  -1.6250395e+00   2.4042034e+00
  -8.3749970e-01   1.9584206e+00  -3.3608513e-01  -2.7665669e-06  -1.6223328e+00   2.4082938e+00
  -8.4159804e-01   1.9594456e+00  -3.3979883e-01  -3.2670244e-07  -1.6196475e+00   2.4123941e+00
  -8.4569657e-01   1.9604268e+00  -3.4346020e-01  -7.2790898e-07  -1.6169673e+00   2.4164921e+00
  -8.4979676e-01   1.9613820e+00  -3.4708811e-01  -1.4236913e-06  -1.6142946e+00   2.4205911e+00
  -8.5390241e-01   1.9614049e+00  -3.4906585e-01   4.2819155e-08  -1.6123856e+00   2.4246988e+00
  -8.5800842e-01   1.9603190e+00  -3.4906585e-01   1.8854766e-06  -1.6114064e+00   2.4288058e+00
  -8.6211707e-01   1.9592190e+00  -3.4906585e-01   1.8325745e-06  -1.6104067e+00   2.4329142e+00
  -8.6622839e-01   1.9581132e+00  -3.4906585e-01   1.8806484e-06  -1.6094012e+00   2.4370255e+00
  -8.7034193e-01   1.9570003e+00  -3.4906585e-01   1.9307138e-06  -1.6083880e+00   2.4411390e+00
  -8.7445836e-01   1.9558820e+00  -3.4906585e-01   1.9839578e-06  -1.6073683e+00   2.4452555e+00
  -8.7857787e-01   1.9547584e+00  -3.4906585e-01   2.0361803e-06  -1.6063422e+00   2.4493749e+00
  -8.8269940e-01   1.9536274e+00  -3.4906585e-01   2.0824565e-06  -1.6053082e+00   2.4534965e+00
  -8.8682349e-01   1.9524906e+00  -3.4906585e-01   2.1305411e-06  -1.6042675e+00   2.4576206e+00
  -8.9095064e-01   1.9513490e+00  -3.4906585e-01   2.1783762e-06  -1.6032206e+00   2.4617477e+00
  -8.9508054e-01   1.9502019e+00  -3.4906585e-01   2.2231362e-06  -1.6021672e+00   2.4658776e+00
  -8.9921254e-01   1.9490475e+00  -3.4906585e-01   2.2635246e-06  -1.6011060e+00   2.4700096e+00
  -9.0334707e-01   1.9478885e+00  -3.4906585e-01   2.3046403e-06  -1.6000390e+00   2.4741441e+00
  -9.0748520e-01   1.9467250e+00  -3.4906585e-01   2.3432047e-06  -1.5989659e+00   2.4782822e+00
  -9.1162519e-01   1.9455548e+00  -3.4906585e-01   2.3774904e-06  -1.5978856e+00   2.4824222e+00
  -9.1576814e-01   1.9443793e+00  -3.4906585e-01   2.4101459e-06  -1.5967988e+00   2.4865651e+00
  -9.1991382e-01   1.9431997e+00  -3.4906585e-01   2.4391956e-06  -1.5957064e+00   2.4907108e+00
  -9.2406248e-01   1.9420147e+00  -3.4906585e-01   2.4654788e-06  -1.5946076e+00   2.4948595e+00
  -9.2821304e-01   1.9408237e+00  -3.4906585e-01   2.4888571e-06  -1.5935020e+00   2.4990100e+00
  -9.3236677e-01   1.9396289e+00  -3.4906585e-01   2.5077362e-06  -1.5923909e+00   2.5031637e+00
  -9.3652364e-01   1.9384298e+00  -3.4906585e-01   2.5231321e-06  -1.5912741e+00   2.5073206e+00
  -9.4068229e-01   1.9372240e+00  -3.4906585e-01   2.5385507e-06  -1.5901501e+00   2.5114792e+00
  -9.4484410e-01   1.9360147e+00  -3.4906585e-01   2.5461736e-06  -1.5890208e+00   2.5156410e+00
  -9.4900892e-01   1.9348019e+00  -3.4906585e-01   2.5493094e-06  -1.5878864e+00   2.5198059e+00
  -9.5317567e-01   1.9335824e+00  -3.4906585e-01   2.5564482e-06  -1.5867447e+00   2.5239726e+00
  -9.5734524e-01   1.9323596e+00  -3.4906585e-01   2.5526109e-06  -1.5855980e+00   2.5281422e+00
  -9.6151813e-01   1.9311338e+00  -3.4906585e-01   2.5442434e-06  -1.5844465e+00   2.5323150e+00
  -9.6569423e-01   1.9299052e+00  -3.4906585e-01   2.5314922e-06  -1.5832904e+00   2.5364911e+00
  -9.6987511e-01   1.9286771e+00  -3.4906585e-01   2.5042421e-06  -1.5821318e+00   2.5406720e+00
  -9.7406001e-01   1.9274497e+00  -3.4906585e-01   2.4718546e-06  -1.5809710e+00   2.5448569e+00
  -9.7824967e-01   1.9262229e+00  -3.4906585e-01   2.4353912e-06  -1.5798079e+00   2.5490465e+00
  -9.8244322e-01   1.9249971e+00  -3.4906585e-01   2.3949174e-06  -1.5786427e+00   2.5532401e+00
  -9.8664083e-01   1.9237720e+00  -3.4906585e-01   2.3513166e-06  -1.5774753e+00   2.5574377e+00
  -9.9084231e-01   1.9225480e+00  -3.4906585e-01   2.3043209e-06  -1.5763061e+00   2.5616392e+00
  -9.9504771e-01   1.9213249e+00  -3.4906585e-01   2.2552750e-06  -1.5751348e+00   2.5658446e+00
  -9.9925648e-01   1.9201031e+00  -3.4906585e-01   2.2039464e-06  -1.5739618e+00   2.5700533e+00
  -1.0034687e+00   1.9188824e+00  -3.4906585e-01   2.1514562e-06  -1.5727871e+00   2.5742656e+00
  -1.0076843e+00   1.9176630e+00  -3.4906585e-01   2.0971553e-06  -1.5716106e+00   2.5784811e+00
  -1.0119029e+00   1.9164451e+00  -3.4906585e-01   2.0425303e-06  -1.5704327e+00   2.5826997e+00
  -1.0161246e+00   1.9152285e+00  -3.4906585e-01   1.9875243e-06  -1.5692531e+00   2.5869214e+00
  -1.0203492e+00   1.9140136e+00  -3.4906585e-01   1.9314987e-06  -1.5680722e+00   2.5911460e+00
  -1.0245766e+00   1.9128002e+00  -3.4906585e-01   1.8760184e-06  -1.5668899e+00   2.5953734e+00
  -1.0288064e+00   1.9115885e+00  -3.4906585e-01   1.8209093e-06  -1.5657063e+00   2.5996032e+00
  -1.0330387e+00   1.9103787e+00  -3.4906585e-01   1.7661923e-06  -1.5645216e+00   2.6038355e+00
  -1.0372731e+00   1.9091708e+00  -3.4906585e-01   1.7121602e-06  -1.5633358e+00   2.6080699e+00
  -1.0415098e+00   1.9079647e+00  -3.4906585e-01   1.6589238e-06  -1.5621489e+00   2.6123067e+00
  -1.0457483e+00   1.9067608e+00  -3.4906585e-01   1.6059507e-06  -1.5609612e+00   2.6165451e+00
  -1.0499888e+00   1.9055589e+00  -3.4906585e-01   1.5549766e-06  -1.5597726e+00   2.6207856e+00
  -1.0542308e+00   1.9043592e+00  -3.4906585e-01   1.5044011e-06  -1.5585831e+00   2.6250276e+00
  -1.0584743e+00   1.9031618e+00  -3.4906585e-01   1.4552081e-06  -1.5573931e+00   2.6292712e+00
  -1.0627192e+00   1.9019668e+00  -3.4906585e-01   1.4069844e-06  -1.5562024e+00   2.6335161e+00
  -1.0669656e+00   1.9007741e+00  -3.4906585e-01   1.3602428e-06  -1.5550111e+00   2.6377624e+00
  -1.0712127e+00   1.8995841e+00  -3.4906585e-01   1.3143388e-06  -1.5538194e+00   2.6420096e+00
  -1.0754607e+00   1.8983966e+00  -3.4906585e-01   1.2693097e-06  -1.5526274e+00   2.6462576e+00
  -1.0797095e+00   1.8972117e+00  -3.4906585e-01   1.2260687e-06  -1.5514350e+00   2.6505064e+00
  -1.0839589e+00   1.8960297e+00  -3.4906585e-01   1.1835567e-06  -1.5502424e+00   2.6547557e+00
  -1.0882088e+00   1.8948504e+00  -3.4906585e-01   1.1421462e-06  -1.5490497e+00   2.6590057e+00
  -1.0924587e+00   1.8936741e+00  -3.4906585e-01   1.1016047e-06  -1.5478570e+00   2.6632556e+00
  -1.0967091e+00   1.8925007e+00  -3.4906585e-01   1.0618497e-06  -1.5466642e+00   2.6675060e+00
  -1.1009593e+00   1.8913304e+00  -3.4906585e-01   1.0226807e-06  -1.5454715e+00   2.6717562e+00
  -1.1052093e+00   1.8901632e+00  -3.4906585e-01   9.8450145e-07  -1.5442791e+00   2.6760062e+00
  -1.1094590e+00   1.8889992e+00  -3.4906585e-01   9.4664009e-07  -1.5430869e+00   2.6802559e+00
  -1.1137084e+00   1.8878384e+00  -3.4906585e-01   9.0962608e-07  -1.5418949e+00   2.6845052e+00
  -1.1179568e+00   1.8866810e+00  -3.4906585e-01   8.7246839e-07  -1.5407034e+00   2.6887536e+00
  -1.1222047e+00   1.8855271e+00  -3.4906585e-01   8.3533728e-07  -1.5395124e+00   2.6930015e+00
  -1.1264495e+00   1.8843623e+00  -3.4906585e-01  -4.4395418e-07  -1.5383052e+00   2.6972455e+00
  -1.1306952e+00   1.8832154e+00  -3.4906585e-01  -4.7409899e-07  -1.5371155e+00   2.7014913e+00
  -1.1349397e+00   1.8820721e+00  -3.4906585e-01  -4.9984670e-07  -1.5359264e+00   2.7057358e+00
  -1.1391827e+00   1.8809324e+00  -3.4906585e-01  -5.2636488e-07  -1.5347381e+00   2.7099788e+00
  -1.1434245e+00   1.8797965e+00  -3.4906585e-01  -5.5322999e-07  -1.5335505e+00   2.7142206e+00
  -1.1476643e+00   1.8786645e+00  -3.4906585e-01  -5.7983626e-07  -1.5323639e+00   2.7184604e+00
  -1.1519023e+00   1.8775363e+00  -3.4906585e-01  -6.0537789e-07  -1.5311784e+00   2.7226984e+00
  -1.1561383e+00   1.8764122e+00  -3.4906585e-01  -6.2923950e-07  -1.5299939e+00   2.7269344e+00
  -1.1603722e+00   1.8752919e+00  -3.4906585e-01  -6.5081225e-07  -1.5288104e+00   2.7311684e+00
  -1.1646035e+00   1.8741760e+00  -3.4906585e-01  -6.6952113e-07  -1.5276283e+00   2.7353997e+00
  -1.1688328e+00   1.8730639e+00  -3.4906585e-01  -6.8454131e-07  -1.5264473e+00   2.7396289e+00
  -1.1730592e+00   1.8719562e+00  -3.4906585e-01  -6.9534552e-07  -1.5252677e+00   2.7438554e+00
  -1.1772829e+00   1.8708528e+00  -3.4906585e-01  -7.0142331e-07  -1.5240895e+00   2.7480790e+00
  -1.1815036e+00   1.8697537e+00  -3.4906585e-01  -7.0339313e-07  -1.5229127e+00   2.7522998e+00
  -1.1857216e+00   1.8686590e+00  -3.4906585e-01  -7.0000114e-07  -1.5217376e+00   2.7565178e+00
  -1.1899361e+00   1.8675688e+00  -3.4906585e-01  -6.9261801e-07  -1.5205640e+00   2.7607323e+00
  -1.1941473e+00   1.8664830e+00  -3.4906585e-01  -6.8127411e-07  -1.5193920e+00   2.7649435e+00
  -1.1983550e+00   1.8654018e+00  -3.4906585e-01  -6.6590936e-07  -1.5182218e+00   2.7691512e+00
  -1.2025591e+00   1.8643253e+00  -3.4906585e-01  -6.4778303e-07  -1.5170534e+00   2.7733553e+00
  -1.2067594e+00   1.8632535e+00  -3.4906585e-01  -6.2742425e-07  -1.5158868e+00   2.7775556e+00
  -1.2109558e+00   1.8621864e+00  -3.4906585e-01  -6.0535493e-07  -1.5147222e+00   2.7817519e+00
  -1.2151483e+00   1.8611239e+00  -3.4906585e-01  -5.8267813e-07  -1.5135594e+00   2.7859444e+00
  -1.2193364e+00   1.8600665e+00  -3.4906585e-01  -5.5912187e-07  -1.5123988e+00   2.7901326e+00
  -1.2235257e+00   1.8590314e+00  -3.4906585e-01  -2.1217668e-06  -1.5112574e+00   2.7943244e+00
  -1.2276995e+00   1.8579661e+00  -3.4906585e-01  -5.5669565e-07  -1.5100837e+00   2.7984957e+00
  -1.2318793e+00   1.8569399e+00  -3.4906585e-01  -1.6888867e-06  -1.5089467e+00   2.8026779e+00
  -1.2360492e+00   1.8559025e+00  -3.4906585e-01  -1.7275897e-06  -1.5077949e+00   2.8068478e+00
  -1.2402142e+00   1.8548694e+00  -3.4906585e-01  -1.5237793e-06  -1.5066452e+00   2.8110127e+00
  -1.2443739e+00   1.8538414e+00  -3.4906585e-01  -1.3001187e-06  -1.5054979e+00   2.8151724e+00
  -1.2485285e+00   1.8528184e+00  -3.4906585e-01  -1.0857614e-06  -1.5043529e+00   2.8193269e+00
  -1.2526778e+00   1.8518008e+00  -3.4906585e-01  -8.7979394e-07  -1.5032104e+00   2.8234761e+00
  -1.2568219e+00   1.8507885e+00  -3.4906585e-01  -6.8583755e-07  -1.5020704e+00   2.8276202e+00
  -1.2609573e+00   1.8497681e+00  -3.4906585e-01  -8.2984339e-07  -1.5009149e+00   2.8317536e+00
  -1.2650909e+00   1.8487655e+00  -3.4906585e-01  -2.7957441e-06  -1.4997795e+00   2.8358877e+00
  -1.2692191e+00   1.8466880e+00  -3.4713023e-01  -1.2340864e-06  -1.4995593e+00   2.8400172e+00
  -1.2733412e+00   1.8429216e+00  -3.4217715e-01  -4.1213421e-07  -1.5007467e+00   2.8441406e+00
  -1.2774559e+00   1.8390966e+00  -3.3710990e-01  -3.0132121e-07  -1.5019889e+00   2.8482550e+00
  -1.2815644e+00   1.8352055e+00  -3.3191369e-01  -2.2111237e-07  -1.5032939e+00   2.8523632e+00
  -1.2856667e+00   1.8312469e+00  -3.2658639e-01  -1.3958653e-07  -1.5046626e+00   2.8564652e+00
  -1.2897625e+00   1.8272200e+00  -3.2112546e-01  -7.1643221e-08  -1.5060964e+00   2.8605607e+00
  -1.2938517e+00   1.8231231e+00  -3.1552854e-01  -1.8953635e-08  -1.5075964e+00   2.8646497e+00
  -1.2979343e+00   1.8189549e+00  -3.0979289e-01   2.0729374e-08  -1.5091637e+00   2.8687320e+00
  -1.3020103e+00   1.8147139e+00  -3.0391543e-01   5.0288831e-08  -1.5108000e+00   2.8728078e+00
  -1.3060790e+00   1.8103995e+00  -2.9789540e-01   6.9531507e-08  -1.5125056e+00   2.8768763e+00
  -1.3101410e+00   1.8060085e+00  -2.9172664e-01   8.2023887e-08  -1.5142833e+00   2.8809382e+00
  -1.3141958e+00   1.8015403e+00  -2.8540827e-01   8.8394153e-08  -1.5161334e+00   2.8849928e+00
  -1.3182432e+00   1.7969930e+00  -2.7893633e-01   9.0540485e-08  -1.5180580e+00   2.8890402e+00
  -1.3222833e+00   1.7923645e+00  -2.7230709e-01   8.9805985e-08  -1.5200586e+00   2.8930802e+00
  -1.3263161e+00   1.7876527e+00  -2.6551688e-01   8.7648195e-08  -1.5221370e+00   2.8971129e+00
  -1.3303411e+00   1.7828555e+00  -2.5856142e-01   8.4626658e-08  -1.5242952e+00   2.9011378e+00
  -1.3343584e+00   1.7779705e+00  -2.5143643e-01   8.2357625e-08  -1.5265352e+00   2.9051551e+00
  -1.3383679e+00   1.7729952e+00  -2.4413734e-01   8.1695307e-08  -1.5288589e+00   2.9091645e+00
