   1.0621645e+00   1.3446627e+00  -2.6894505e-01  -3.2077475e-07  -1.0757186e+00   5.0863282e-01
   1.0597902e+00   1.3479366e+00  -2.7166323e-01   2.9033447e-06  -1.0762748e+00   5.1100722e-01
   1.0574173e+00   1.3511781e+00  -2.7432492e-01   3.0459362e-06  -1.0768547e+00   5.1338022e-01
   1.0550474e+00   1.3543972e+00  -2.7693757e-01   3.1735765e-06  -1.0774611e+00   5.1575024e-01
   1.0526805e+00   1.3575946e+00  -2.7950206e-01   3.2942986e-06  -1.0780941e+00   5.1811732e-01
   1.0503166e+00   1.3607702e+00  -2.8201848e-01   3.4176457e-06  -1.0787534e+00   5.2048132e-01
   1.0479558e+00   1.3639244e+00  -2.8448752e-01   3.5404497e-06  -1.0794387e+00   5.2284233e-01
   1.0455980e+00   1.3670569e+00  -2.8690888e-01   3.6680731e-06  -1.0801499e+00   5.2520034e-01
   1.0432433e+00   1.3701685e+00  -2.8928364e-01   3.7907605e-06  -1.0808868e+00   5.2755520e-01
   1.0408917e+00   1.3732591e+00  -2.9161214e-01   3.9131096e-06  -1.0816490e+00   5.2990701e-01
   1.0385431e+00   1.3763288e+00  -2.9389435e-01   4.0362895e-06  -1.0824366e+00   5.3225576e-01
   1.0361978e+00   1.3793774e+00  -2.9613032e-01   4.1579657e-06  -1.0832493e+00   5.3460131e-01
   1.0338556e+00   1.3824057e+00  -2.9832135e-01   4.2715644e-06  -1.0840867e+00   5.3694375e-01
   1.0315165e+00   1.3854135e+00  -3.0046706e-01   4.3857088e-06  -1.0849489e+00   5.3928307e-01
   1.0291806e+00   1.3884010e+00  -3.0256800e-01   4.4929763e-06  -1.0858356e+00   5.4161917e-01
   1.0268480e+00   1.3913679e+00  -3.0462379e-01   4.5987551e-06  -1.0867468e+00   5.4395203e-01
   1.0245185e+00   1.3943149e+00  -3.0663568e-01   4.6936679e-06  -1.0876820e+00   5.4628175e-01
   1.0221924e+00   1.3972420e+00  -3.0860365e-01   4.7827730e-06  -1.0886413e+00   5.4860818e-01
   1.0198695e+00   1.4001490e+00  -3.1052762e-01   4.8660535e-06  -1.0896245e+00   5.5093133e-01
   1.0175499e+00   1.4030360e+00  -3.1240779e-01   4.9408256e-06  -1.0906314e+00   5.5325129e-01
   1.0152336e+00   1.4059036e+00  -3.1424515e-01   5.0031835e-06  -1.0916617e+00   5.5556788e-01
   1.0129206e+00   1.4087514e+00  -3.1603923e-01   5.0588478e-06  -1.0927156e+00   5.5788115e-01
   1.0106120e+00   1.4115662e+00  -3.1779106e-01   5.0101273e-07  -1.0937752e+00   5.6018494e-01
   1.0083058e+00   1.4143755e+00  -3.1950140e-01   5.3957373e-07  -1.0948742e+00   5.6249123e-01
   1.0060031e+00   1.4171654e+00  -3.2116921e-01   5.5830081e-07  -1.0959963e+00   5.6479407e-01
   1.0037036e+00   1.4199360e+00  -3.2279510e-01   5.7542541e-07  -1.0971410e+00   5.6709356e-01
   1.0014076e+00   1.4226871e+00  -3.2437863e-01   5.9153860e-07  -1.0983086e+00   5.6938969e-01
   9.9911499e-01   1.4254193e+00  -3.2592086e-01   6.0509093e-07  -1.0994986e+00   5.7168234e-01
   9.9682583e-01   1.4281322e+00  -3.2742121e-01   6.1717668e-07  -1.1007112e+00   5.7397157e-01
   9.9454015e-01   1.4308263e+00  -3.2888051e-01   6.2640023e-07  -1.1019459e+00   5.7625733e-01
   9.9225794e-01   1.4335013e+00  -3.3029859e-01   6.3324569e-07  -1.1032029e+00   5.7853962e-01
   9.8997925e-01   1.4361569e+00  -3.3167512e-01   6.3742850e-07  -1.1044820e+00   5.8081838e-01
   9.8770399e-01   1.4387939e+00  -3.3301112e-01   6.3808107e-07  -1.1057830e+00   5.8309371e-01
   9.8543230e-01   1.4414121e+00  -3.3430651e-01   6.3541405e-07  -1.1071058e+00   5.8536548e-01
   9.8316364e-01   1.4440142e+00  -3.3556789e-01   6.2799248e-07  -1.1084465e+00   5.8763420e-01
   9.8089673e-01   1.4466070e+00  -3.3681103e-01   6.1614954e-07  -1.1097962e+00   5.8990113e-01
   9.7863146e-01   1.4491919e+00  -3.3803869e-01   6.0350808e-07  -1.1111534e+00   5.9216642e-01
   9.7636786e-01   1.4517680e+00  -3.3924935e-01   5.9075256e-07  -1.1125189e+00   5.9443004e-01
   9.7410601e-01   1.4543353e+00  -3.4044248e-01   5.7760972e-07  -1.1138931e+00   5.9669192e-01
   9.7184605e-01   1.4568933e+00  -3.4161715e-01   5.6397091e-07  -1.1152764e+00   5.9895190e-01
   9.6958763e-01   1.4594419e+00  -3.4277362e-01   5.4996296e-07  -1.1166685e+00   6.0121035e-01
   9.6733122e-01   1.4619813e+00  -3.4391159e-01   5.3517826e-07  -1.1180699e+00   6.0346678e-01
   9.6507670e-01   1.4645107e+00  -3.4502972e-01   5.1967359e-07  -1.1194812e+00   6.0572133e-01
   9.6282404e-01   1.4670301e+00  -3.4612796e-01   5.0348697e-07  -1.1209023e+00   6.0797401e-01
   9.6057330e-01   1.4695397e+00  -3.4720661e-01   4.8660721e-07  -1.1223333e+00   6.1022478e-01
   9.5832456e-01   1.4720383e+00  -3.4826370e-01   4.6845420e-07  -1.1237748e+00   6.1247354e-01
   9.5607857e-01   1.4743928e+00  -3.4906585e-01   7.3692474e-08  -1.1253325e+00   6.1471768e-01
   9.5383115e-01   1.4763036e+00  -3.4906585e-01  -1.7051624e-06  -1.1272735e+00   6.1696610e-01
   9.5158850e-01   1.4782112e+00  -3.4906585e-01   1.1073701e-05  -1.1292065e+00   6.1919981e-01
   9.4934730e-01   1.4801244e+00  -3.4906585e-01   1.1082150e-05  -1.1311439e+00   6.2144167e-01
   9.4710803e-01   1.4820388e+00  -3.4906585e-01   1.1312753e-05  -1.1330822e+00   6.2368157e-01
   9.4487090e-01   1.4839546e+00  -3.4906585e-01   1.1505436e-05  -1.1350212e+00   6.2591935e-01
   9.4263597e-01   1.4858716e+00  -3.4906585e-01   1.1662500e-05  -1.1369611e+00   6.2815496e-01
   9.4040346e-01   1.4877901e+00  -3.4906585e-01   1.1769354e-05  -1.1389018e+00   6.3038816e-01
   9.3817293e-01   1.4897096e+00  -3.4906585e-01   1.1827262e-05  -1.1408430e+00   6.3261938e-01
   9.3594494e-01   1.4916307e+00  -3.4906585e-01   1.1810862e-05  -1.1427853e+00   6.3484807e-01
   9.3371914e-01   1.4935531e+00  -3.4906585e-01   1.1726559e-05  -1.1447282e+00   6.3707456e-01
   9.3149574e-01   1.4954768e+00  -3.4906585e-01   1.1560654e-05  -1.1466719e+00   6.3929863e-01
   9.2928192e-01   1.4973977e+00  -3.4906585e-01  -8.8703688e-07  -1.1486058e+00   6.4151491e-01
   9.2706340e-01   1.4993238e+00  -3.4906585e-01  -8.6352436e-07  -1.1505509e+00   6.4373338e-01
   9.2484706e-01   1.5012511e+00  -3.4906585e-01  -7.9935009e-07  -1.1524966e+00   6.4594967e-01
   9.2263309e-01   1.5031800e+00  -3.4906585e-01  -7.2852868e-07  -1.1544432e+00   6.4816361e-01
   9.2042154e-01   1.5051103e+00  -3.4906585e-01  -6.5321071e-07  -1.1563906e+00   6.5037512e-01
   9.1821239e-01   1.5070420e+00  -3.4906585e-01  -5.7677256e-07  -1.1583389e+00   6.5258423e-01
   9.1599783e-01   1.5089809e+00  -3.4906585e-01   9.2396065e-06  -1.1602999e+00   6.5480025e-01
   9.1379414e-01   1.5109153e+00  -3.4906585e-01   8.3153315e-06  -1.1622490e+00   6.5700410e-01
   9.1159221e-01   1.5128511e+00  -3.4906585e-01   7.7171174e-06  -1.1641994e+00   6.5920633e-01
   9.0939295e-01   1.5147885e+00  -3.4906585e-01   7.1019270e-06  -1.1661506e+00   6.6140580e-01
   9.0719611e-01   1.5167273e+00  -3.4906585e-01   6.4974255e-06  -1.1681026e+00   6.6360279e-01
   9.0500184e-01   1.5186673e+00  -3.4906585e-01   5.9171298e-06  -1.1700552e+00   6.6579717e-01
   9.0281670e-01   1.5206040e+00  -3.4906585e-01   1.8729279e-07  -1.1719994e+00   6.6797948e-01
   9.0062699e-01   1.5225470e+00  -3.4906585e-01   2.4454342e-07  -1.1739538e+00   6.7016922e-01
   8.9843993e-01   1.5244914e+00  -3.4906585e-01   2.8947774e-07  -1.1759089e+00   6.7235631e-01
   8.9625540e-01   1.5264371e+00  -3.4906585e-01   3.4928845e-07  -1.1778647e+00   6.7454088e-01
   8.9407341e-01   1.5283842e+00  -3.4906585e-01   4.2033494e-07  -1.1798212e+00   6.7672291e-01
   8.9189406e-01   1.5303329e+00  -3.4906585e-01   4.9599513e-07  -1.1817785e+00   6.7890232e-01
   8.8971722e-01   1.5322827e+00  -3.4906585e-01   5.7326922e-07  -1.1837363e+00   6.8107921e-01
   8.8754299e-01   1.5342339e+00  -3.4906585e-01   6.4242123e-07  -1.1856947e+00   6.8325352e-01
   8.8537146e-01   1.5361865e+00  -3.4906585e-01   7.0030111e-07  -1.1876539e+00   6.8542512e-01
   8.8320245e-01   1.5381403e+00  -3.4906585e-01   7.4679027e-07  -1.1896135e+00   6.8759421e-01
   8.8103614e-01   1.5400953e+00  -3.4906585e-01   7.7732013e-07  -1.1915736e+00   6.8976059e-01
   8.7887262e-01   1.5420519e+00  -3.4906585e-01   7.9080941e-07  -1.1935345e+00   6.9192418e-01
   8.7671159e-01   1.5440095e+00  -3.4906585e-01   7.9441627e-07  -1.1954958e+00   6.9408527e-01
   8.7455331e-01   1.5459684e+00  -3.4906585e-01   7.8326176e-07  -1.1974575e+00   6.9624361e-01
   8.7239788e-01   1.5479285e+00  -3.4906585e-01   7.5933700e-07  -1.1994197e+00   6.9839908e-01
   8.7024506e-01   1.5498898e+00  -3.4906585e-01   7.2715176e-07  -1.2013823e+00   7.0055195e-01
   8.6809498e-01   1.5518523e+00  -3.4906585e-01   6.8389007e-07  -1.2033454e+00   7.0270206e-01
   8.6594767e-01   1.5538159e+00  -3.4906585e-01   6.3208782e-07  -1.2053087e+00   7.0484939e-01
   8.6380315e-01   1.5557807e+00  -3.4906585e-01   5.7132920e-07  -1.2072726e+00   7.0699393e-01
   8.6166136e-01   1.5577466e+00  -3.4906585e-01   5.0341526e-07  -1.2092367e+00   7.0913572e-01
   8.5952235e-01   1.5597136e+00  -3.4906585e-01   4.2625304e-07  -1.2112012e+00   7.1127474e-01
   8.5738621e-01   1.5616817e+00  -3.4906585e-01   3.2466977e-07  -1.2131659e+00   7.1341087e-01
   8.5525281e-01   1.5636510e+00  -3.4906585e-01   2.3246081e-07  -1.2151310e+00   7.1554426e-01
   8.5312230e-01   1.5656212e+00  -3.4906585e-01   1.3420817e-07  -1.2170963e+00   7.1767476e-01
   8.5099454e-01   1.5675925e+00  -3.4906585e-01   3.0813624e-08  -1.2190619e+00   7.1980250e-01
   8.4886973e-01   1.5695647e+00  -3.4906585e-01  -7.4530562e-08  -1.2210276e+00   7.2192730e-01
   8.4674768e-01   1.5715380e+00  -3.4906585e-01  -1.7871827e-07  -1.2229935e+00   7.2404935e-01
   8.4462844e-01   1.5735121e+00  -3.4906585e-01  -2.7832378e-07  -1.2249594e+00   7.2616860e-01
   8.4251221e-01   1.5754872e+00  -3.4906585e-01  -3.7258418e-07  -1.2269254e+00   7.2828483e-01
   8.4039880e-01   1.5774633e+00  -3.4906585e-01  -4.5999511e-07  -1.2288916e+00   7.3039825e-01
   8.3828830e-01   1.5794401e+00  -3.4906585e-01  -5.4228148e-07  -1.2308578e+00   7.3250876e-01
   8.3617310e-01   1.5814214e+00  -3.4906585e-01   3.9682942e-06  -1.2328299e+00   7.3462933e-01
   8.3406836e-01   1.5834000e+00  -3.4906585e-01   4.4073239e-06  -1.2347960e+00   7.3673418e-01
   8.3196681e-01   1.5853801e+00  -3.4906585e-01   5.0054832e-06  -1.2367627e+00   7.3883587e-01
   8.2986888e-01   1.5873615e+00  -3.4906585e-01   5.6234674e-06  -1.2387296e+00   7.4093384e-01
   8.2777470e-01   1.5893444e+00  -3.4906585e-01   6.2343427e-06  -1.2406971e+00   7.4302795e-01
   8.2568420e-01   1.5913285e+00  -3.4906585e-01   6.8089546e-06  -1.2426647e+00   7.4511828e-01
   8.2359733e-01   1.5933140e+00  -3.4906585e-01   7.3245317e-06  -1.2446327e+00   7.4720488e-01
   8.2152483e-01   1.5953017e+00  -3.4906585e-01  -3.7826191e-07  -1.2466008e+00   7.4927129e-01
   8.1944553e-01   1.5972903e+00  -3.4906585e-01  -4.4974991e-07  -1.2485697e+00   7.5135059e-01
   8.1736995e-01   1.5992800e+00  -3.4906585e-01  -4.9035267e-07  -1.2505387e+00   7.5342617e-01
   8.1529765e-01   1.6012707e+00  -3.4906585e-01  -5.2172459e-07  -1.2525077e+00   7.5549847e-01
   8.1322687e-01   1.6032601e+00  -3.4906585e-01  -5.4012984e-07  -1.2544749e+00   7.5756926e-01
   8.1115627e-01   1.6052469e+00  -3.4906585e-01  -5.4632467e-07  -1.2564392e+00   7.5963986e-01
   8.0908585e-01   1.6072310e+00  -3.4906585e-01  -5.4023496e-07  -1.2584005e+00   7.6171029e-01
   8.0701543e-01   1.6092124e+00  -3.4906585e-01  -5.2401530e-07  -1.2603589e+00   7.6378072e-01
   8.0494472e-01   1.6111906e+00  -3.4906585e-01  -5.0031390e-07  -1.2623140e+00   7.6585143e-01
   8.0287410e-01   1.6131660e+00  -3.4906585e-01  -4.6973610e-07  -1.2642660e+00   7.6792204e-01
   8.0080351e-01   1.6151388e+00  -3.4906585e-01  -4.3459833e-07  -1.2662153e+00   7.6999261e-01
   7.9873278e-01   1.6171086e+00  -3.4906585e-01  -3.9686764e-07  -1.2681612e+00   7.7206333e-01
   7.9666144e-01   1.6190748e+00  -3.4906585e-01  -3.5803578e-07  -1.2701036e+00   7.7413465e-01
   7.9459005e-01   1.6210382e+00  -3.4906585e-01  -3.1672032e-07  -1.2720430e+00   7.7620601e-01
   7.9251817e-01   1.6229981e+00  -3.4906585e-01  -5.0459748e-07  -1.2739785e+00   7.7827808e-01
   7.9044571e-01   1.6249554e+00  -3.4906585e-01  -3.6854601e-06  -1.2759112e+00   7.8035233e-01
   7.8838219e-01   1.6268101e+00  -3.4888395e-01  -7.1264933e-06  -1.2779271e+00   7.8241464e-01
   7.8630058e-01   1.6282783e+00  -3.4802248e-01  -1.8964631e-06  -1.2802576e+00   7.8449673e-01
   7.8422051e-01   1.6297123e+00  -3.4709818e-01  -2.9879813e-06  -1.2826139e+00   7.8658494e-01
   7.8214625e-01   1.6311336e+00  -3.4616504e-01  -3.0314863e-06  -1.2849683e+00   7.8865935e-01
   7.8007139e-01   1.6325504e+00  -3.4523098e-01  -3.0512644e-06  -1.2873193e+00   7.9073404e-01
   7.7799602e-01   1.6339620e+00  -3.4429349e-01  -3.0861662e-06  -1.2896685e+00   7.9280929e-01
   7.7592003e-01   1.6353678e+00  -3.4335188e-01  -3.1242958e-06  -1.2920159e+00   7.9488518e-01
   7.7384302e-01   1.6367710e+00  -3.4241317e-01  -3.1201678e-06  -1.2943579e+00   7.9696191e-01
   7.7176521e-01   1.6381699e+00  -3.4147313e-01  -3.1418929e-06  -1.2966969e+00   7.9903954e-01
   7.6968664e-01   1.6395640e+00  -3.4053090e-01  -3.1687334e-06  -1.2990334e+00   8.0111796e-01
   7.6760691e-01   1.6409551e+00  -3.3959080e-01  -3.1689877e-06  -1.3013646e+00   8.0319743e-01
   7.6552609e-01   1.6423431e+00  -3.3865269e-01  -3.1712703e-06  -1.3036909e+00   8.0527799e-01
   7.6344432e-01   1.6437270e+00  -3.3771362e-01  -3.1931033e-06  -1.3060140e+00   8.0735958e-01
   7.6136140e-01   1.6451084e+00  -3.3677771e-01  -3.1910724e-06  -1.3083313e+00   8.0944223e-01
   7.5927705e-01   1.6464877e+00  -3.3584603e-01  -3.1854735e-06  -1.3106424e+00   8.1152628e-01
   7.5719168e-01   1.6478637e+00  -3.3491512e-01  -3.2036849e-06  -1.3129494e+00   8.1361144e-01
   7.5510484e-01   1.6492378e+00  -3.3398931e-01  -3.2002419e-06  -1.3152494e+00   8.1569800e-01
   7.5301645e-01   1.6506107e+00  -3.3306917e-01  -3.1992876e-06  -1.3175426e+00   8.1778610e-01
   7.5092679e-01   1.6519804e+00  -3.3215075e-01  -3.2244782e-06  -1.3198308e+00   8.1987556e-01
   7.4883544e-01   1.6533502e+00  -3.3124127e-01  -3.2194636e-06  -1.3221102e+00   8.2196657e-01
   7.4674249e-01   1.6547189e+00  -3.3033786e-01  -3.2366954e-06  -1.3243825e+00   8.2405927e-01
   7.4464822e-01   1.6560855e+00  -3.2943812e-01  -3.2710145e-06  -1.3266489e+00   8.2615334e-01
   7.4255164e-01   1.6574538e+00  -3.2855157e-01  -3.2754639e-06  -1.3289039e+00   8.2824956e-01
   7.4045360e-01   1.6588205e+00  -3.2766996e-01  -3.3203042e-06  -1.3311524e+00   8.3034740e-01
   7.3835362e-01   1.6601876e+00  -3.2679768e-01  -3.3574956e-06  -1.3333919e+00   8.3244711e-01
   7.3625156e-01   1.6615560e+00  -3.2593729e-01  -3.3963906e-06  -1.3356209e+00   8.3454887e-01
   7.3414788e-01   1.6629236e+00  -3.2508356e-01  -3.4559360e-06  -1.3378424e+00   8.3665234e-01
   7.3204170e-01   1.6642946e+00  -3.2424650e-01  -3.4986682e-06  -1.3400508e+00   8.3875816e-01
   7.2993371e-01   1.6656659e+00  -3.2341838e-01  -3.5631733e-06  -1.3422504e+00   8.4086591e-01
   7.2782337e-01   1.6670392e+00  -3.2260401e-01  -3.6206648e-06  -1.3444383e+00   8.4297592e-01
   7.2571072e-01   1.6684151e+00  -3.2180379e-01  -3.6790708e-06  -1.3466146e+00   8.4508824e-01
   7.2359595e-01   1.6697923e+00  -3.2101554e-01  -3.7400099e-06  -1.3487803e+00   8.4720272e-01
   7.2147849e-01   1.6711749e+00  -3.2024772e-01  -3.7817358e-06  -1.3509310e+00   8.4931973e-01
   7.1935887e-01   1.6725576e+00  -3.1948946e-01  -3.8394370e-06  -1.3530721e+00   8.5143909e-01
   7.1723629e-01   1.6739475e+00  -3.1875596e-01  -3.8550162e-06  -1.3551958e+00   8.5356114e-01
   7.1511149e-01   1.6753385e+00  -3.1803392e-01  -3.8936870e-06  -1.3573090e+00   8.5568564e-01
   7.1298365e-01   1.6767363e+00  -3.1733609e-01  -3.8835490e-06  -1.3594049e+00   8.5781296e-01
   7.1085323e-01   1.6781365e+00  -3.1665300e-01  -3.8907977e-06  -1.3614883e+00   8.5994303e-01
   7.0871980e-01   1.6795437e+00  -3.1599441e-01  -3.8461102e-06  -1.3635543e+00   8.6207596e-01
   7.0658343e-01   1.6809549e+00  -3.1535382e-01  -3.8123622e-06  -1.3656061e+00   8.6421194e-01
   7.0444404e-01   1.6823728e+00  -3.1473785e-01  -3.7298029e-06  -1.3676400e+00   8.6635088e-01
   7.0229832e-01   1.6837564e+00  -3.1408869e-01  -1.0598342e-06  -1.3696699e+00   8.6849740e-01
   7.0015639e-01   1.6852272e+00  -3.1357685e-01  -3.0933625e-06  -1.3716552e+00   8.7063697e-01
   6.9800358e-01   1.6866225e+00  -3.1296998e-01  -1.1154138e-06  -1.3736549e+00   8.7279183e-01
   6.9585471e-01   1.6881051e+00  -3.1250734e-01  -2.7096449e-06  -1.3756021e+00   8.7493819e-01
   6.9369901e-01   1.6895578e+00  -3.1201261e-01  -3.0199545e-06  -1.3775499e+00   8.7709414e-01
   6.9153947e-01   1.6910177e+00  -3.1154834e-01  -2.7635317e-06  -1.3794737e+00   8.7925346e-01
   6.8937693e-01   1.6924832e+00  -3.1110610e-01  -2.5508936e-06  -1.3813812e+00   8.8141588e-01
   6.8720988e-01   1.6939579e+00  -3.1069670e-01  -2.1941222e-06  -1.3832648e+00   8.8358289e-01
   6.8503952e-01   1.6954394e+00  -3.1031209e-01  -1.8606740e-06  -1.3851304e+00   8.8575337e-01
   6.8286174e-01   1.6970247e+00  -3.1012819e-01  -1.3439677e-07  -1.3868908e+00   8.8793529e-01
   6.8068903e-01   1.6984622e+00  -3.0968038e-01  -2.5850808e-06  -1.3887860e+00   8.9010380e-01
   6.7850314e-01   1.7000370e+00  -3.0951304e-01  -8.5463548e-08  -1.3905196e+00   8.9229370e-01
   6.7631760e-01   1.7015985e+00  -3.0932644e-01  -1.4924208e-07  -1.3922659e+00   8.9447944e-01
   6.7412851e-01   1.7031497e+00  -3.0913561e-01  -1.6461730e-07  -1.3940075e+00   8.9666856e-01
   6.7193514e-01   1.7046973e+00  -3.0895564e-01  -1.2477134e-07  -1.3957360e+00   8.9886180e-01
   6.6973779e-01   1.7062471e+00  -3.0879443e-01  -6.6977197e-08  -1.3974485e+00   9.0105897e-01
   6.6753643e-01   1.7078022e+00  -3.0865826e-01  -9.9885471e-09  -1.3991417e+00   9.0326016e-01
   6.6532458e-01   1.7093514e+00  -3.0855316e-01   1.4938994e-06  -1.4007903e+00   9.0547569e-01
   6.6311928e-01   1.7109203e+00  -3.0845913e-01   1.4298100e-06  -1.4024543e+00   9.0768104e-01
   6.6091599e-01   1.7124892e+00  -3.0836241e-01   1.4177220e-06  -1.4041196e+00   9.0988434e-01
   6.5872121e-01   1.7140665e+00  -3.0825087e-01   2.3120106e-08  -1.4058154e+00   9.1207528e-01
   6.5652160e-01   1.7156172e+00  -3.0811595e-01  -1.2769256e-08  -1.4074992e+00   9.1427498e-01
   6.5432379e-01   1.7171539e+00  -3.0795355e-01  -7.2361115e-08  -1.4091961e+00   9.1647294e-01
   6.5213080e-01   1.7185631e+00  -3.0755916e-01  -1.5124455e-06  -1.4110067e+00   9.1866259e-01
   6.4993291e-01   1.7200970e+00  -3.0739317e-01  -8.3509143e-08  -1.4126994e+00   9.2086383e-01
   6.4773700e-01   1.7214637e+00  -3.0693584e-01  -2.2361547e-06  -1.4145320e+00   9.2305614e-01
   6.4553107e-01   1.7228415e+00  -3.0653490e-01  -1.5514952e-06  -1.4163095e+00   9.2526240e-01
   6.4332171e-01   1.7242053e+00  -3.0612012e-01  -1.7086137e-06  -1.4180885e+00   9.2747168e-01
   6.4110755e-01   1.7255397e+00  -3.0567160e-01  -2.0806562e-06  -1.4198721e+00   9.2968580e-01
   6.3888865e-01   1.7268398e+00  -3.0518132e-01  -2.4406206e-06  -1.4216631e+00   9.3190485e-01
   6.3666135e-01   1.7280613e+00  -3.0458918e-01  -9.6520772e-07  -1.4234746e+00   9.3413405e-01
   6.3443564e-01   1.7293277e+00  -3.0406896e-01  -2.5395644e-06  -1.4252636e+00   9.3635812e-01
   6.3219931e-01   1.7304792e+00  -3.0339324e-01  -9.8752576e-07  -1.4270884e+00   9.3859643e-01
   6.2996152e-01   1.7316383e+00  -3.0273775e-01  -9.3460254e-07  -1.4289030e+00   9.4083416e-01
   6.2771955e-01   1.7327638e+00  -3.0204128e-01  -9.2154814e-07  -1.4307249e+00   9.4307630e-01
   6.2547320e-01   1.7338555e+00  -3.0130568e-01  -8.9121902e-07  -1.4325520e+00   9.4532282e-01
   6.2322265e-01   1.7349137e+00  -3.0053064e-01  -8.5164452e-07  -1.4343852e+00   9.4757351e-01
   6.2096842e-01   1.7359393e+00  -2.9971632e-01  -8.0663776e-07  -1.4362249e+00   9.4982788e-01
   6.1870977e-01   1.7369307e+00  -2.9886278e-01  -7.5392490e-07  -1.4380696e+00   9.5208665e-01
   6.1644771e-01   1.7378892e+00  -2.9796912e-01  -7.0320930e-07  -1.4399216e+00   9.5434880e-01
   6.1418166e-01   1.7388142e+00  -2.9703673e-01  -6.4926107e-07  -1.4417788e+00   9.5661494e-01
   6.1191205e-01   1.7397061e+00  -2.9606437e-01  -5.9858480e-07  -1.4436429e+00   9.5888461e-01
   6.0964028e-01   1.7405994e+00  -2.9509153e-01  -3.4730986e-06  -1.4455122e+00   9.6115814e-01
   6.0736280e-01   1.7414196e+00  -2.9403317e-01  -3.6148083e-06  -1.4473901e+00   9.6343641e-01
   6.0508288e-01   1.7422106e+00  -2.9293937e-01  -3.5748272e-06  -1.4492747e+00   9.6571657e-01
   6.0279915e-01   1.7429665e+00  -2.9180505e-01  -3.5241613e-06  -1.4511646e+00   9.6800054e-01
   6.0051265e-01   1.7436903e+00  -2.9063116e-01  -3.4879748e-06  -1.4530620e+00   9.7028726e-01
   5.9822285e-01   1.7443802e+00  -2.8941741e-01  -3.4371800e-06  -1.4549654e+00   9.7257724e-01
   5.9593006e-01   1.7450367e+00  -2.8816307e-01  -3.3956650e-06  -1.4568761e+00   9.7487020e-01
   5.9363437e-01   1.7456600e+00  -2.8686852e-01  -3.3520007e-06  -1.4587936e+00   9.7716602e-01
   5.9133581e-01   1.7462495e+00  -2.8553379e-01  -3.3055657e-06  -1.4607177e+00   9.7946469e-01
   5.8903472e-01   1.7468058e+00  -2.8415809e-01  -3.2712561e-06  -1.4626495e+00   9.8176588e-01
   5.8673055e-01   1.7473281e+00  -2.8274185e-01  -3.2256563e-06  -1.4645878e+00   9.8407010e-01
   5.8442428e-01   1.7478177e+00  -2.8128476e-01  -3.1996088e-06  -1.4665343e+00   9.8637643e-01
   5.8211505e-01   1.7482722e+00  -2.7978632e-01  -3.1549312e-06  -1.4684871e+00   9.8868568e-01
   5.7980381e-01   1.7486942e+00  -2.7824707e-01  -3.1343845e-06  -1.4704482e+00   9.9099695e-01
   5.7748987e-01   1.7490814e+00  -2.7666586e-01  -3.1012748e-06  -1.4724165e+00   9.9331088e-01
   5.7517393e-01   1.7494355e+00  -2.7504336e-01  -3.0824814e-06  -1.4743930e+00   9.9562682e-01
   5.7285557e-01   1.7497553e+00  -2.7337919e-01  -3.0568138e-06  -1.4763769e+00   9.9794516e-01
   5.7053523e-01   1.7500413e+00  -2.7167273e-01  -3.0433988e-06  -1.4783693e+00   1.0002655e+00
   5.6821286e-01   1.7502931e+00  -2.6992436e-01  -3.0241517e-06  -1.4803694e+00   1.0025878e+00
   5.6588867e-01   1.7505111e+00  -2.6813355e-01  -3.0153253e-06  -1.4823782e+00   1.0049119e+00
   5.6356245e-01   1.7506947e+00  -2.6629998e-01  -3.0028155e-06  -1.4843952e+00   1.0072381e+00
   5.6123444e-01   1.7508439e+00  -2.6442333e-01  -2.9965870e-06  -1.4864211e+00   1.0095661e+00
   5.5890477e-01   1.7509591e+00  -2.6250418e-01  -2.9882016e-06  -1.4884554e+00   1.0118957e+00
   5.5657337e-01   1.7510393e+00  -2.6054110e-01  -2.9843590e-06  -1.4904987e+00   1.0142270e+00
   5.5424053e-01   1.7510853e+00  -2.5853462e-01  -2.9833639e-06  -1.4925512e+00   1.0165597e+00
   5.5190605e-01   1.7510966e+00  -2.5648428e-01  -2.9798302e-06  -1.4946128e+00   1.0188941e+00
   5.4957029e-01   1.7510728e+00  -2.5438935e-01  -2.9810974e-06  -1.4966840e+00   1.0212298e+00
   5.4723313e-01   1.7510147e+00  -2.5225079e-01  -2.9781372e-06  -1.4987643e+00   1.0235669e+00
   5.4489467e-01   1.7509216e+00  -2.5006745e-01  -2.9791190e-06  -1.5008546e+00   1.0259053e+00
   5.4255792e-01   1.7507742e+00  -2.4781852e-01   1.1307756e-07  -1.5029582e+00   1.0282356e+00
   5.4021704e-01   1.7506106e+00  -2.4554439e-01   1.0752009e-07  -1.5050687e+00   1.0305765e+00
   5.3787523e-01   1.7504115e+00  -2.4322443e-01   3.0777744e-08  -1.5071897e+00   1.0329182e+00
   5.3553234e-01   1.7501765e+00  -2.4085808e-01  -6.3271778e-08  -1.5093212e+00   1.0352609e+00
   5.3318857e-01   1.7499061e+00  -2.3844514e-01  -1.7605705e-07  -1.5114640e+00   1.0376045e+00
   5.3084389e-01   1.7495997e+00  -2.3598583e-01  -3.1004514e-07  -1.5136171e+00   1.0399490e+00
   5.2849866e-01   1.7492577e+00  -2.3347894e-01  -4.7010873e-07  -1.5157821e+00   1.0422940e+00
   5.2615232e-01   1.7488786e+00  -2.3092410e-01  -6.5869229e-07  -1.5179581e+00   1.0446401e+00
   5.2380567e-01   1.7484641e+00  -2.2832129e-01  -8.7235114e-07  -1.5201467e+00   1.0469865e+00
   5.2145657e-01   1.7480229e+00  -2.2568689e-01   1.0486188e-06  -1.5223367e+00   1.0493396e+00
   5.1911472e-01   1.7475374e+00  -2.2300484e-01   7.9028332e-06  -1.5245266e+00   1.0516765e+00
   5.1676936e-01   1.7469969e+00  -2.2021354e-01  -4.8708136e-06  -1.5267812e+00   1.0540180e+00
   5.1441847e-01   1.7464504e+00  -2.1745624e-01   5.5761320e-06  -1.5289882e+00   1.0563713e+00
   5.1206233e-01   1.7458442e+00  -2.1458462e-01  -5.7293961e-07  -1.5312593e+00   1.0587332e+00
   5.0971286e-01   1.7452078e+00  -2.1168541e-01  -5.9823754e-07  -1.5335222e+00   1.0610827e+00
   5.0736327e-01   1.7445330e+00  -2.0873344e-01  -6.4052616e-07  -1.5357993e+00   1.0634322e+00
   5.0501328e-01   1.7438196e+00  -2.0572932e-01  -6.7343568e-07  -1.5380900e+00   1.0657821e+00
   5.0266355e-01   1.7430692e+00  -2.0267361e-01  -6.9395991e-07  -1.5403953e+00   1.0681318e+00
   5.0031490e-01   1.7422834e+00  -1.9956291e-01  -7.0275028e-07  -1.5427203e+00   1.0704804e+00
   4.9796923e-01   1.7414665e+00  -1.9639589e-01  -7.0318978e-07  -1.5450704e+00   1.0728261e+00
   4.9562637e-01   1.7406184e+00  -1.9317202e-01  -6.9389957e-07  -1.5474462e+00   1.0751690e+00
   4.9328639e-01   1.7397382e+00  -1.8989012e-01  -6.7408417e-07  -1.5498479e+00   1.0775090e+00
   4.9094932e-01   1.7388258e+00  -1.8654968e-01  -6.4465029e-07  -1.5522760e+00   1.0798461e+00
   4.8861516e-01   1.7378805e+00  -1.8314962e-01  -6.0552028e-07  -1.5547307e+00   1.0821804e+00
   4.8628399e-01   1.7369017e+00  -1.7968903e-01  -5.5874825e-07  -1.5572125e+00   1.0845116e+00
   4.8395478e-01   1.7358984e+00  -1.7618586e-01  -5.0813325e-07  -1.5597124e+00   1.0868409e+00
   4.8162308e-01   1.7349182e+00  -1.7273650e-01  -4.6564318e-07  -1.5621815e+00   1.0891727e+00
   4.7928563e-01   1.7339937e+00  -1.6940716e-01  -4.3036530e-07  -1.5645863e+00   1.0915102e+00
   4.7694336e-01   1.7331194e+00  -1.6618656e-01  -3.9507410e-07  -1.5669327e+00   1.0938525e+00
   4.7460398e-01   1.7322853e+00  -1.6304768e-01  -4.9962111e-06  -1.5692384e+00   1.0961842e+00
   4.7225156e-01   1.7315211e+00  -1.6006369e-01  -5.0227130e-06  -1.5714584e+00   1.0985363e+00
   4.6989460e-01   1.7308054e+00  -1.5718412e-01  -4.6995816e-06  -1.5736225e+00   1.1008938e+00
   4.6753213e-01   1.7301550e+00  -1.5444331e-01  -4.3617248e-06  -1.5757131e+00   1.1032567e+00
   4.6516603e-01   1.7295543e+00  -1.5180905e-01  -4.0395103e-06  -1.5777468e+00   1.1056233e+00
   4.6279032e-01   1.7290272e+00  -1.4933085e-01   9.1039911e-07  -1.5796968e+00   1.1080056e+00
   4.6041622e-01   1.7285372e+00  -1.4693685e-01  -8.0354532e-07  -1.5815995e+00   1.1103794e+00
   4.5803769e-01   1.7281163e+00  -1.4468067e-01   8.3947195e-07  -1.5834361e+00   1.1127584e+00
   4.5565556e-01   1.7277480e+00  -1.4254351e-01  -6.9320892e-07  -1.5852038e+00   1.1151401e+00
   4.5327878e-01   1.7274355e+00  -1.4051311e-01  -5.2603132e-06  -1.5869178e+00   1.1175105e+00
   4.5088593e-01   1.7272090e+00  -1.3868456e-01   8.9708510e-06  -1.5885161e+00   1.1199079e+00
   4.4849484e-01   1.7270047e+00  -1.3688016e-01  -4.6253499e-06  -1.5901211e+00   1.1222947e+00
   4.4609036e-01   1.7268822e+00  -1.3526472e-01   1.6922464e-06  -1.5916175e+00   1.1247060e+00
   4.4369590e-01   1.7268128e+00  -1.3375365e-01  -3.0794201e-06  -1.5930571e+00   1.1270959e+00
   4.4128837e-01   1.7268030e+00  -1.3237667e-01   3.3149759e-06  -1.5944260e+00   1.1295085e+00
   4.3888583e-01   1.7268617e+00  -1.3113411e-01  -1.9544783e-06  -1.5957264e+00   1.1319075e+00
   4.3647357e-01   1.7269751e+00  -1.3001958e-01   7.3458425e-06  -1.5969540e+00   1.1343249e+00
   4.3406522e-01   1.7271505e+00  -1.2901992e-01  -1.1833947e-06  -1.5981299e+00   1.1367293e+00
   4.3164704e-01   1.7273978e+00  -1.2818790e-01   1.1769740e-05  -1.5992069e+00   1.1391541e+00
   4.2924091e-01   1.7276987e+00  -1.2745058e-01  -4.4175640e-06  -1.6002419e+00   1.1415486e+00
   4.2681441e-01   1.7280328e+00  -1.2679725e-01   3.4204046e-06  -1.6012350e+00   1.1439837e+00
   4.2439137e-01   1.7284734e+00  -1.2635947e-01   9.5582645e-06  -1.6021113e+00   1.1464105e+00
   4.2197352e-01   1.7290821e+00  -1.2622958e-01  -3.8693464e-07  -1.6028439e+00   1.1488220e+00
   4.1954449e-01   1.7294741e+00  -1.2574529e-01   1.0670727e-05  -1.6037252e+00   1.1512577e+00
   4.1712576e-01   1.7301067e+00  -1.2567987e-01  -9.0954798e-06  -1.6044267e+00   1.1536649e+00
   4.1469741e-01   1.7307236e+00  -1.2562706e-01  -1.0671299e-05  -1.6050979e+00   1.1560928e+00
   4.1226742e-01   1.7313494e+00  -1.2560802e-01  -1.0657572e-05  -1.6057464e+00   1.1585229e+00
   4.0983324e-01   1.7319915e+00  -1.2564735e-01  -1.2270786e-07  -1.6063500e+00   1.1609625e+00
   4.0739750e-01   1.7329163e+00  -1.2620936e-01   1.1020138e-05  -1.6067042e+00   1.1634038e+00
   4.0496280e-01   1.7337744e+00  -1.2665837e-01   1.0013024e-05  -1.6071134e+00   1.1658387e+00
   4.0252823e-01   1.7346933e+00  -1.2723351e-01   9.6308301e-06  -1.6074568e+00   1.1682723e+00
   4.0009258e-01   1.7356749e+00  -1.2793798e-01   7.6066059e-06  -1.6077342e+00   1.1707063e+00
   3.9765537e-01   1.7366969e+00  -1.2873091e-01   5.8867374e-06  -1.6079639e+00   1.1731425e+00
   3.9521682e-01   1.7377626e+00  -1.2961785e-01   3.9695045e-06  -1.6081434e+00   1.1755801e+00
   3.9277691e-01   1.7388826e+00  -1.3062124e-01   2.2127210e-06  -1.6082607e+00   1.1780195e+00
   3.9034125e-01   1.7400155e+00  -1.3167742e-01   1.0086117e-05  -1.6083366e+00   1.1804520e+00
   3.8790089e-01   1.7412291e+00  -1.3287837e-01   5.9872713e-06  -1.6083509e+00   1.1828898e+00
   3.8546029e-01   1.7424854e+00  -1.3417743e-01   5.3453396e-06  -1.6083096e+00   1.1853282e+00
   3.8300892e-01   1.7438091e+00  -1.3560044e-01   7.8637905e-07  -1.6082091e+00   1.1877865e+00
   3.8056536e-01   1.7451485e+00  -1.3707795e-01   8.1728595e-07  -1.6080712e+00   1.1902297e+00
   3.7812137e-01   1.7465359e+00  -1.3865866e-01   6.8198468e-07  -1.6078782e+00   1.1926730e+00
   3.7567677e-01   1.7479637e+00  -1.4032700e-01   4.5420967e-07  -1.6076382e+00   1.1951168e+00
   3.7322714e-01   1.7494205e+00  -1.4206434e-01  -3.1558739e-07  -1.6073555e+00   1.1975696e+00
   3.7077509e-01   1.7509152e+00  -1.4386166e-01  -6.7999365e-06  -1.6070546e+00   1.2000260e+00
   3.6833395e-01   1.7524636e+00  -1.4580938e-01  -7.9076072e-07  -1.6066535e+00   1.2024630e+00
   3.6588663e-01   1.7540394e+00  -1.4780246e-01  -8.5684424e-07  -1.6062362e+00   1.2049104e+00
   3.6343868e-01   1.7556480e+00  -1.4986795e-01  -1.1322259e-06  -1.6057790e+00   1.2073585e+00
   3.6099014e-01   1.7572962e+00  -1.5201987e-01  -1.6062178e-06  -1.6052748e+00   1.2098074e+00
   3.5854106e-01   1.7589768e+00  -1.5424385e-01  -2.2234191e-06  -1.6047310e+00   1.2122569e+00
   3.5609144e-01   1.7606862e+00  -1.5653227e-01  -3.0238938e-06  -1.6041514e+00   1.2147070e+00
   3.5364112e-01   1.7624244e+00  -1.5888510e-01  -4.1037138e-06  -1.6035358e+00   1.2171581e+00
   3.5118980e-01   1.7641972e+00  -1.6131499e-01  -5.6999593e-06  -1.6028775e+00   1.2196105e+00
   3.4873810e-01   1.7659969e+00  -1.6380631e-01  -7.3150534e-06  -1.6021844e+00   1.2220634e+00
   3.4629617e-01   1.7678099e+00  -1.6633699e-01  -6.9472825e-07  -1.6014724e+00   1.2245007e+00
   3.4384602e-01   1.7696564e+00  -1.6893837e-01  -7.3328512e-07  -1.6007175e+00   1.2269509e+00
   3.4139545e-01   1.7715319e+00  -1.7160555e-01  -8.4292533e-07  -1.5999256e+00   1.2294016e+00
   3.3894486e-01   1.7734309e+00  -1.7432769e-01  -8.1289436e-07  -1.5991024e+00   1.2318522e+00
   3.3649419e-01   1.7753501e+00  -1.7709837e-01  -6.6146854e-07  -1.5982509e+00   1.2343028e+00
   3.3404340e-01   1.7772890e+00  -1.7991636e-01  -4.4721107e-07  -1.5973721e+00   1.2367534e+00
   3.3158411e-01   1.7792603e+00  -1.8280614e-01  -3.8074438e-06  -1.5964465e+00   1.2392170e+00
   3.2913753e-01   1.7812391e+00  -1.8572168e-01  -7.9220030e-07  -1.5955133e+00   1.2416609e+00
   3.2668680e-01   1.7832391e+00  -1.8868524e-01  -4.3550980e-07  -1.5945505e+00   1.2441112e+00
   3.2423629e-01   1.7852541e+00  -1.9168665e-01  -1.5867501e-08  -1.5935652e+00   1.2465611e+00
   3.2178495e-01   1.7872859e+00  -1.9472961e-01   1.4387596e-07  -1.5925548e+00   1.2490120e+00
   3.1933367e-01   1.7893271e+00  -1.9780145e-01   4.4312660e-07  -1.5915253e+00   1.2514627e+00
   3.1688435e-01   1.7913892e+00  -2.0093158e-01   4.4116860e-06  -1.5904567e+00   1.2539108e+00
   3.1442831e-01   1.7934812e+00  -2.0410344e-01   4.5732766e-07  -1.5893781e+00   1.2563680e+00
   3.1197653e-01   1.7955819e+00  -2.0731425e-01   2.3442681e-06  -1.5882674e+00   1.2588195e+00
   3.0952419e-01   1.7976917e+00  -2.1055190e-01   4.1278381e-06  -1.5871384e+00   1.2612717e+00
   3.0707108e-01   1.7998116e+00  -2.1381724e-01   5.7352647e-06  -1.5859913e+00   1.2637249e+00
   3.0460855e-01   1.8019343e+00  -2.1709832e-01  -1.4843559e-06  -1.5848304e+00   1.2661902e+00
   3.0215835e-01   1.8040709e+00  -2.2041603e-01   2.5480834e-06  -1.5836520e+00   1.2686389e+00
   2.9970269e-01   1.8061953e+00  -2.2371369e-01   1.7588221e-06  -1.5824794e+00   1.2710945e+00
   2.9724447e-01   1.8082913e+00  -2.2695768e-01   1.0790899e-06  -1.5813315e+00   1.2735528e+00
   2.9478393e-01   1.8103594e+00  -2.3014882e-01   5.8479992e-07  -1.5802082e+00   1.2760135e+00
   2.9232102e-01   1.8123996e+00  -2.3328718e-01   1.2565280e-07  -1.5791094e+00   1.2784767e+00
   2.8985578e-01   1.8144118e+00  -2.3637271e-01  -3.5777123e-07  -1.5780352e+00   1.2809423e+00
   2.8738843e-01   1.8163959e+00  -2.3940535e-01  -9.0956510e-07  -1.5769858e+00   1.2834100e+00
   2.8491872e-01   1.8183526e+00  -2.4238609e-01  -1.6764264e-06  -1.5759606e+00   1.2858802e+00
   2.8244740e-01   1.8202821e+00  -2.4531538e-01  -2.1615459e-06  -1.5749600e+00   1.2883519e+00
   2.7997286e-01   1.8221845e+00  -2.4819327e-01  -3.5366167e-06  -1.5739828e+00   1.2908272e+00
   2.7749810e-01   1.8240641e+00  -2.5102580e-01  -3.7204252e-06  -1.5730295e+00   1.2933021e+00
   2.7502921e-01   1.8259285e+00  -2.5382580e-01  -1.0141794e-06  -1.5721003e+00   1.2957679e+00
   2.7255613e-01   1.8277930e+00  -2.5660500e-01   3.2057623e-06  -1.5711869e+00   1.2982398e+00
   2.7007861e-01   1.8296454e+00  -2.5935299e-01   2.3574160e-06  -1.5702919e+00   1.3007173e+00
   2.6760021e-01   1.8314901e+00  -2.6207500e-01   1.5999275e-06  -1.5694150e+00   1.3031958e+00
   2.6512108e-01   1.8333275e+00  -2.6477113e-01   9.7457912e-07  -1.5685565e+00   1.3056751e+00
   2.6264116e-01   1.8351564e+00  -2.6744061e-01   5.6015892e-07  -1.5677159e+00   1.3081551e+00
   2.6016599e-01   1.8369653e+00  -2.7007782e-01   7.2904202e-06  -1.5668860e+00   1.3106279e+00
   2.5768038e-01   1.8387824e+00  -2.7269670e-01   1.7961659e-06  -1.5660849e+00   1.3131154e+00
   2.5519763e-01   1.8405856e+00  -2.7528520e-01   1.1259773e-06  -1.5652996e+00   1.3155984e+00
   2.5271405e-01   1.8423791e+00  -2.7784498e-01   2.6714029e-07  -1.5645336e+00   1.3180822e+00
   2.5022800e-01   1.8441660e+00  -2.8038215e-01   1.0548884e-05  -1.5637896e+00   1.3205696e+00
   2.4773644e-01   1.8459431e+00  -2.8289397e-01   1.5365353e-06  -1.5630417e+00   1.3230663e+00
   2.4525895e-01   1.8476909e+00  -2.8534788e-01   1.2164634e-05  -1.5623481e+00   1.3255378e+00
   2.4277178e-01   1.8494515e+00  -2.8780619e-01  -9.8152046e-08  -1.5616441e+00   1.3280252e+00
   2.4027583e-01   1.8511938e+00  -2.9022615e-01   1.2023084e-06  -1.5609601e+00   1.3305277e+00
   2.3779483e-01   1.8529100e+00  -2.9259454e-01  -5.3283965e-07  -1.5603139e+00   1.3330027e+00
   2.3530650e-01   1.8546367e+00  -2.9496284e-01  -1.0163429e-07  -1.5596726e+00   1.3354906e+00
   2.3281611e-01   1.8563427e+00  -2.9728969e-01  -1.7705915e-07  -1.5590516e+00   1.3379811e+00
   2.3032487e-01   1.8580375e+00  -2.9958731e-01  -2.6800429e-07  -1.5584486e+00   1.3404726e+00
   2.2783262e-01   1.8597199e+00  -3.0185410e-01  -3.7846383e-07  -1.5578640e+00   1.3429650e+00
   2.2533956e-01   1.8613903e+00  -3.0409063e-01  -5.0600625e-07  -1.5572976e+00   1.3454583e+00
   2.2284556e-01   1.8630488e+00  -3.0629729e-01  -6.4889575e-07  -1.5567493e+00   1.3479525e+00
   2.2035071e-01   1.8646953e+00  -3.0847403e-01  -7.9935732e-07  -1.5562189e+00   1.3504476e+00
   2.1785499e-01   1.8663289e+00  -3.1061937e-01  -9.6878301e-07  -1.5557070e+00   1.3529435e+00
   2.1535844e-01   1.8679501e+00  -3.1273453e-01  -1.1342625e-06  -1.5552129e+00   1.3554403e+00
   2.1286112e-01   1.8695595e+00  -3.1481990e-01  -1.3098030e-06  -1.5547368e+00   1.3579378e+00
   2.1036292e-01   1.8711559e+00  -3.1687436e-01  -1.4767105e-06  -1.5542787e+00   1.3604361e+00
   2.0786395e-01   1.8727396e+00  -3.1889805e-01  -1.6378708e-06  -1.5538387e+00   1.3629353e+00
   2.0536414e-01   1.8743107e+00  -3.2089172e-01  -1.7776189e-06  -1.5534161e+00   1.3654352e+00
   2.0286360e-01   1.8758683e+00  -3.2285368e-01  -1.9122025e-06  -1.5530117e+00   1.3679358e+00
   2.0036225e-01   1.8774126e+00  -3.2478479e-01  -2.0219433e-06  -1.5526249e+00   1.3704372e+00
   1.9786015e-01   1.8789440e+00  -3.2668527e-01  -2.1140261e-06  -1.5522559e+00   1.3729393e+00
   1.9535734e-01   1.8804614e+00  -3.2855389e-01  -2.1793165e-06  -1.5519048e+00   1.3754421e+00
   1.9285382e-01   1.8819660e+00  -3.3039219e-01  -2.2220323e-06  -1.5515711e+00   1.3779456e+00
   1.9034964e-01   1.8834586e+00  -3.3220165e-01  -2.2424722e-06  -1.5512545e+00   1.3804497e+00
   1.8784466e-01   1.8849376e+00  -3.3397992e-01  -2.2337608e-06  -1.5509553e+00   1.3829546e+00
   1.8533901e-01   1.8864026e+00  -3.3572644e-01  -2.2015210e-06  -1.5506739e+00   1.3854602e+00
   1.8283268e-01   1.8878540e+00  -3.3744205e-01  -2.1484884e-06  -1.5504099e+00   1.3879663e+00
   1.8032557e-01   1.8892915e+00  -3.3912638e-01  -2.0755482e-06  -1.5501633e+00   1.3904733e+00
   1.7781785e-01   1.8907153e+00  -3.4077990e-01  -1.9878112e-06  -1.5499336e+00   1.3929808e+00
   1.7530953e-01   1.8921263e+00  -3.4240368e-01  -1.8875021e-06  -1.5497211e+00   1.3954890e+00
   1.7280058e-01   1.8935241e+00  -3.4399714e-01  -1.7765403e-06  -1.5495255e+00   1.3979978e+00
   1.7029079e-01   1.8949075e+00  -3.4555882e-01  -1.6553179e-06  -1.5493474e+00   1.4005074e+00
   1.6778052e-01   1.8962773e+00  -3.4709021e-01  -1.5354157e-06  -1.5491860e+00   1.4030175e+00
   1.6526954e-01   1.8976328e+00  -3.4858998e-01  -1.4093040e-06  -1.5490418e+00   1.4055283e+00
   1.6275498e-01   1.8984186e+00  -3.4906585e-01  -3.2823856e-06  -1.5493791e+00   1.4080451e+00
   1.6024768e-01   1.8989327e+00  -3.4906585e-01   2.0773938e-06  -1.5499355e+00   1.4105486e+00
   1.5773374e-01   1.8994588e+00  -3.4906585e-01   7.3602311e-07  -1.5504981e+00   1.4130636e+00
   1.5522109e-01   1.8999926e+00  -3.4906585e-01  -3.7625063e-07  -1.5510762e+00   1.4155752e+00
   1.5270197e-01   1.9005090e+00  -3.4906585e-01  -2.6392668e-06  -1.5516361e+00   1.4180958e+00
   1.5019255e-01   1.9010569e+00  -3.4906585e-01  -3.3888001e-07  -1.5522172e+00   1.4206037e+00
   1.4767221e-01   1.9015796e+00  -3.4906585e-01  -2.7878458e-06  -1.5527821e+00   1.4231256e+00
   1.4516232e-01   1.9021345e+00  -3.4906585e-01  -3.1424198e-07  -1.5533680e+00   1.4256339e+00
   1.4264643e-01   1.9026777e+00  -3.4906585e-01  -3.4697347e-07  -1.5539465e+00   1.4281498e+00
   1.4013011e-01   1.9032237e+00  -3.4906585e-01  -3.3709730e-07  -1.5545270e+00   1.4306661e+00
   1.3761346e-01   1.9037731e+00  -3.4906585e-01  -3.2611623e-07  -1.5551101e+00   1.4331828e+00
   1.3509642e-01   1.9043254e+00  -3.4906585e-01  -3.1551837e-07  -1.5556952e+00   1.4356998e+00
   1.3257887e-01   1.9048805e+00  -3.4906585e-01  -3.0517581e-07  -1.5562822e+00   1.4382174e+00
   1.3006008e-01   1.9054302e+00  -3.4906585e-01   4.7612404e-07  -1.5568615e+00   1.4407366e+00
   1.2754193e-01   1.9059910e+00  -3.4906585e-01   5.0371717e-07  -1.5574525e+00   1.4432547e+00
   1.2502360e-01   1.9065547e+00  -3.4906585e-01   5.1939029e-07  -1.5580456e+00   1.4457731e+00
   1.2250482e-01   1.9071210e+00  -3.4906585e-01   5.3418638e-07  -1.5586405e+00   1.4482919e+00
   1.1998575e-01   1.9076900e+00  -3.4906585e-01   5.4927029e-07  -1.5592371e+00   1.4508109e+00
   1.1746652e-01   1.9082619e+00  -3.4906585e-01   5.6503779e-07  -1.5598358e+00   1.4533302e+00
   1.1494701e-01   1.9088365e+00  -3.4906585e-01   5.8025178e-07  -1.5604363e+00   1.4558497e+00
   1.1242725e-01   1.9094135e+00  -3.4906585e-01   5.9537039e-07  -1.5610385e+00   1.4583694e+00
   1.0990737e-01   1.9099929e+00  -3.4906585e-01   6.1049126e-07  -1.5616420e+00   1.4608893e+00
   1.0738740e-01   1.9105755e+00  -3.4906585e-01   6.2737319e-07  -1.5622480e+00   1.4634093e+00
   1.0486732e-01   1.9111605e+00  -3.4906585e-01   6.4275626e-07  -1.5628553e+00   1.4659294e+00
   1.0234701e-01   1.9117477e+00  -3.4906585e-01   6.5808492e-07  -1.5634641e+00   1.4684497e+00
   9.9826631e-02   1.9123375e+00  -3.4906585e-01   6.7444235e-07  -1.5640745e+00   1.4709701e+00
   9.7306143e-02   1.9129300e+00  -3.4906585e-01   6.9149317e-07  -1.5646868e+00   1.4734905e+00
   9.4785747e-02   1.9135247e+00  -3.4906585e-01   7.0728095e-07  -1.5653004e+00   1.4760109e+00
   9.2265150e-02   1.9141216e+00  -3.4906585e-01   7.2338809e-07  -1.5659152e+00   1.4785315e+00
   8.9744735e-02   1.9147214e+00  -3.4906585e-01   7.4199219e-07  -1.5665322e+00   1.4810519e+00
   8.7224272e-02   1.9153233e+00  -3.4906585e-01   7.5836718e-07  -1.5671502e+00   1.4835724e+00
   8.4703855e-02   1.9159272e+00  -3.4906585e-01   7.7496391e-07  -1.5677694e+00   1.4860928e+00
   8.2183511e-02   1.9165338e+00  -3.4906585e-01   7.9359341e-07  -1.5683904e+00   1.4886132e+00
   7.9663164e-02   1.9171427e+00  -3.4906585e-01   8.1149921e-07  -1.5690128e+00   1.4911335e+00
   7.7143028e-02   1.9177535e+00  -3.4906585e-01   8.2881252e-07  -1.5696361e+00   1.4936536e+00
   7.4622950e-02   1.9183666e+00  -3.4906585e-01   8.4745660e-07  -1.5702609e+00   1.4961737e+00
   7.2103151e-02   1.9189821e+00  -3.4906585e-01   8.6646464e-07  -1.5708871e+00   1.4986935e+00
   6.9583446e-02   1.9195995e+00  -3.4906585e-01   8.8438646e-07  -1.5715143e+00   1.5012132e+00
   6.7064009e-02   1.9202189e+00  -3.4906585e-01   9.0325681e-07  -1.5721427e+00   1.5037327e+00
   6.4544892e-02   1.9208407e+00  -3.4906585e-01   9.2337280e-07  -1.5727726e+00   1.5062518e+00
   6.2025931e-02   1.9214644e+00  -3.4906585e-01   9.4206748e-07  -1.5734033e+00   1.5087707e+00
   5.9507330e-02   1.9220900e+00  -3.4906585e-01   9.6121143e-07  -1.5740350e+00   1.5112893e+00
   5.6988920e-02   1.9227181e+00  -3.4906585e-01   9.8219317e-07  -1.5746684e+00   1.5138077e+00
   5.4470950e-02   1.9233478e+00  -3.4906585e-01   1.0012062e-06  -1.5753024e+00   1.5163257e+00
   5.1953313e-02   1.9239794e+00  -3.4906585e-01   1.0206009e-06  -1.5759373e+00   1.5188434e+00
   4.9436153e-02   1.9246132e+00  -3.4906585e-01   1.0420225e-06  -1.5765736e+00   1.5213605e+00
   4.6919312e-02   1.9252487e+00  -3.4906585e-01   1.0610523e-06  -1.5772106e+00   1.5238774e+00
   4.4402936e-02   1.9258860e+00  -3.4906585e-01   1.0811041e-06  -1.5778485e+00   1.5263937e+00
   4.1887155e-02   1.9265255e+00  -3.4906585e-01   1.1023272e-06  -1.5784876e+00   1.5289095e+00
   3.9371673e-02   1.9271665e+00  -3.4906585e-01   1.1215156e-06  -1.5791273e+00   1.5314250e+00
   3.6856794e-02   1.9278094e+00  -3.4906585e-01   1.1421230e-06  -1.5797681e+00   1.5339399e+00
   3.4342434e-02   1.9284542e+00  -3.4906585e-01   1.1623467e-06  -1.5804097e+00   1.5364542e+00
   3.1828661e-02   1.9291005e+00  -3.4906585e-01   1.1811992e-06  -1.5810518e+00   1.5389680e+00
   2.9315516e-02   1.9297487e+00  -3.4906585e-01   1.2019709e-06  -1.5816951e+00   1.5414811e+00
   2.6802915e-02   1.9303987e+00  -3.4906585e-01   1.2214245e-06  -1.5823390e+00   1.5439937e+00
   2.4290986e-02   1.9310499e+00  -3.4906585e-01   1.2392388e-06  -1.5829833e+00   1.5465057e+00
   2.1779669e-02   1.9317034e+00  -3.4906585e-01   1.2602117e-06  -1.5836290e+00   1.5490170e+00
   1.9269121e-02   1.9323583e+00  -3.4906585e-01   1.2779062e-06  -1.5842750e+00   1.5515275e+00
   1.6759279e-02   1.9330145e+00  -3.4906585e-01   1.2952134e-06  -1.5849214e+00   1.5540374e+00
   1.4250225e-02   1.9336727e+00  -3.4906585e-01   1.3141183e-06  -1.5855689e+00   1.5565464e+00
   1.1741875e-02   1.9343321e+00  -3.4906585e-01   1.3302251e-06  -1.5862167e+00   1.5590548e+00
   9.2343631e-03   1.9349932e+00  -3.4906585e-01   1.3469885e-06  -1.5868652e+00   1.5615623e+00
   6.7276637e-03   1.9356559e+00  -3.4906585e-01   1.3632492e-06  -1.5875143e+00   1.5640690e+00
   4.2216501e-03   1.9363197e+00  -3.4906585e-01   1.3768325e-06  -1.5881636e+00   1.5665750e+00
   1.7167074e-03   1.9369855e+00  -3.4906585e-01   1.3928828e-06  -1.5888139e+00   1.5690800e+00
  -7.8741631e-04   1.9376524e+00  -3.4906585e-01   1.4098058e-06  -1.5894643e+00   1.5715841e+00
  -3.2905984e-03   1.9383206e+00  -3.4906585e-01   1.4219031e-06  -1.5901151e+00   1.5740873e+00
  -5.7927322e-03   1.9389905e+00  -3.4906585e-01   1.4345476e-06  -1.5907667e+00   1.5765894e+00
  -8.2939937e-03   1.9396614e+00  -3.4906585e-01   1.4436770e-06  -1.5914183e+00   1.5790907e+00
  -1.0794206e-02   1.9403340e+00  -3.4906585e-01   1.4540563e-06  -1.5920707e+00   1.5815909e+00
  -1.3293440e-02   1.9410078e+00  -3.4906585e-01   1.4615692e-06  -1.5927232e+00   1.5840901e+00
  -1.5791668e-02   1.9416826e+00  -3.4906585e-01   1.4678866e-06  -1.5933758e+00   1.5865884e+00
  -1.8288771e-02   1.9423591e+00  -3.4906585e-01   1.4745502e-06  -1.5940292e+00   1.5890855e+00
  -2.0784813e-02   1.9430365e+00  -3.4906585e-01   1.4778237e-06  -1.5946825e+00   1.5915815e+00
  -2.3279672e-02   1.9437153e+00  -3.4906585e-01   1.4813037e-06  -1.5953363e+00   1.5940764e+00
  -2.5773321e-02   1.9443953e+00  -3.4906585e-01   1.4825171e-06  -1.5959903e+00   1.5965700e+00
  -2.8265830e-02   1.9450763e+00  -3.4906585e-01   1.4819584e-06  -1.5966443e+00   1.5990625e+00
  -3.0757081e-02   1.9457587e+00  -3.4906585e-01   1.4810765e-06  -1.5972988e+00   1.6015538e+00
  -3.3247336e-02   1.9464419e+00  -3.4906585e-01   1.4770458e-06  -1.5979530e+00   1.6040441e+00
  -3.5736081e-02   1.9471266e+00  -3.4906585e-01   1.4733022e-06  -1.5986079e+00   1.6065328e+00
  -3.8223576e-02   1.9478121e+00  -3.4906585e-01   1.4665111e-06  -1.5992626e+00   1.6090203e+00
  -4.0709806e-02   1.9484986e+00  -3.4906585e-01   1.4584796e-06  -1.5999172e+00   1.6115065e+00
  -4.3194728e-02   1.9491859e+00  -3.4906585e-01   1.4486804e-06  -1.6005717e+00   1.6139915e+00
  -4.5678517e-02   1.9498735e+00  -3.4906585e-01   1.4368457e-06  -1.6012255e+00   1.6164753e+00
  -4.8160827e-02   1.9505613e+00  -3.4906585e-01   1.4231765e-06  -1.6018784e+00   1.6189576e+00
  -5.0641935e-02   1.9512492e+00  -3.4906585e-01   1.4082898e-06  -1.6025304e+00   1.6214387e+00
  -5.3121715e-02   1.9519373e+00  -3.4906585e-01   1.3922890e-06  -1.6031815e+00   1.6239185e+00
  -5.5600542e-02   1.9526245e+00  -3.4906585e-01   1.4606974e-06  -1.6038319e+00   1.6263972e+00
  -5.8079528e-02   1.9533119e+00  -3.4906585e-01   4.9051742e-07  -1.6044765e+00   1.6288773e+00
  -6.0552732e-02   1.9540018e+00  -3.4906585e-01   1.1222184e-06  -1.6051297e+00   1.6313494e+00
  -6.3031173e-02   1.9546859e+00  -3.4906585e-01   2.9902316e-06  -1.6057681e+00   1.6338305e+00
  -6.5500552e-02   1.9553744e+00  -3.4906585e-01   4.7816595e-06  -1.6064177e+00   1.6362983e+00
  -6.7967698e-02   1.9560626e+00  -3.4906585e-01   1.4573926e-06  -1.6070697e+00   1.6387604e+00
  -7.0440906e-02   1.9567632e+00  -3.4906585e-01  -7.3128170e-07  -1.6077244e+00   1.6412371e+00
  -7.2913666e-02   1.9570616e+00  -3.4838936e-01   4.5462457e-06  -1.6086701e+00   1.6437126e+00
  -7.5374172e-02   1.9568262e+00  -3.4672624e-01  -4.7380978e-07  -1.6101003e+00   1.6461695e+00
  -7.7839028e-02   1.9565832e+00  -3.4506592e-01  -4.6334803e-07  -1.6115175e+00   1.6486343e+00
  -8.0302156e-02   1.9563176e+00  -3.4336531e-01  -5.7005383e-07  -1.6129526e+00   1.6510974e+00
  -8.2763644e-02   1.9560300e+00  -3.4162558e-01  -6.6302921e-07  -1.6144047e+00   1.6535588e+00
  -8.5215124e-02   1.9557263e+00  -3.3985175e-01  -5.2826800e-06  -1.6158731e+00   1.6560025e+00
  -8.7681409e-02   1.9553870e+00  -3.3802523e-01  -7.8643950e-07  -1.6173621e+00   1.6584765e+00
  -9.0134004e-02   1.9550471e+00  -3.3619395e-01  -3.9361657e-06  -1.6188524e+00   1.6609242e+00
  -9.2590885e-02   1.9546880e+00  -3.3433478e-01  -3.6690392e-06  -1.6203526e+00   1.6633815e+00
  -9.5048302e-02   1.9543261e+00  -3.3247866e-01  -3.2135366e-06  -1.6218471e+00   1.6658398e+00
  -9.7505581e-02   1.9539565e+00  -3.3061440e-01  -2.6357901e-06  -1.6233418e+00   1.6682982e+00
  -9.9962015e-02   1.9535764e+00  -3.2873630e-01  -2.0286221e-06  -1.6248399e+00   1.6707557e+00
  -1.0241840e-01   1.9531962e+00  -3.2686602e-01  -1.6489983e-06  -1.6263300e+00   1.6732127e+00
  -1.0487385e-01   1.9528017e+00  -3.2497348e-01  -1.1569765e-06  -1.6278280e+00   1.6756689e+00
  -1.0732928e-01   1.9524077e+00  -3.2309028e-01  -9.1645978e-07  -1.6293171e+00   1.6781247e+00
  -1.0977847e-01   1.9520277e+00  -3.2122119e-01  -7.6741582e-06  -1.6308078e+00   1.6805678e+00
  -1.1223225e-01   1.9516144e+00  -3.1931363e-01  -7.5195386e-06  -1.6323020e+00   1.6830214e+00
  -1.1468805e-01   1.9511949e+00  -3.1740440e-01  -6.5594729e-06  -1.6337920e+00   1.6854788e+00
  -1.1714337e-01   1.9507598e+00  -3.1547160e-01  -5.0300549e-06  -1.6352900e+00   1.6879362e+00
  -1.1959801e-01   1.9503300e+00  -3.1355673e-01  -4.2608521e-06  -1.6367752e+00   1.6903919e+00
  -1.2205198e-01   1.9498889e+00  -3.1162591e-01  -3.3369353e-06  -1.6382648e+00   1.6928469e+00
  -1.2450540e-01   1.9494420e+00  -3.0969037e-01  -2.8705149e-06  -1.6397534e+00   1.6953010e+00
  -1.2695858e-01   1.9489937e+00  -3.0775973e-01  -2.7897016e-06  -1.6412358e+00   1.6977545e+00
  -1.2941088e-01   1.9485313e+00  -3.0580735e-01  -2.8759379e-06  -1.6427259e+00   1.7002072e+00
  -1.3186371e-01   1.9480729e+00  -3.0387174e-01  -3.2288750e-06  -1.6442031e+00   1.7026602e+00
  -1.3431609e-01   1.9476031e+00  -3.0191995e-01  -3.7907164e-06  -1.6456853e+00   1.7051129e+00
  -1.3676823e-01   1.9471268e+00  -2.9996272e-01  -4.4828973e-06  -1.6471664e+00   1.7075655e+00
  -1.3922046e-01   1.9466489e+00  -2.9801072e-01  -5.1885237e-06  -1.6486406e+00   1.7100180e+00
  -1.4167245e-01   1.9461582e+00  -2.9603930e-01  -6.2783272e-06  -1.6501215e+00   1.7124706e+00
  -1.4412435e-01   1.9456703e+00  -2.9408296e-01  -6.9550273e-06  -1.6515901e+00   1.7149229e+00
  -1.4657630e-01   1.9451721e+00  -2.9211278e-01  -8.2040752e-06  -1.6530622e+00   1.7173755e+00
  -1.4902778e-01   1.9446668e+00  -2.9013622e-01  -9.2811140e-06  -1.6545336e+00   1.7198277e+00
  -1.5147925e-01   1.9441614e+00  -2.8816817e-01  -1.0201222e-05  -1.6559963e+00   1.7222796e+00
  -1.5392147e-01   1.9436242e+00  -2.8615951e-01  -9.3159434e-07  -1.6574645e+00   1.7247181e+00
  -1.5637212e-01   1.9431050e+00  -2.8418015e-01  -1.4504396e-06  -1.6589248e+00   1.7271689e+00
  -1.5882226e-01   1.9425783e+00  -2.8219324e-01  -1.6826318e-06  -1.6603851e+00   1.7296192e+00
  -1.6127173e-01   1.9420425e+00  -2.8019536e-01  -1.9644261e-06  -1.6618472e+00   1.7320687e+00
  -1.6372172e-01   1.9415102e+00  -2.7821354e-01  -2.1595826e-06  -1.6632967e+00   1.7345188e+00
  -1.6617106e-01   1.9409644e+00  -2.7621186e-01  -2.5190904e-06  -1.6647528e+00   1.7369683e+00
  -1.6862043e-01   1.9404187e+00  -2.7421839e-01  -2.7675375e-06  -1.6662005e+00   1.7394177e+00
  -1.7106977e-01   1.9398678e+00  -2.7222295e-01  -3.0818895e-06  -1.6676451e+00   1.7418672e+00
  -1.7351848e-01   1.9393050e+00  -2.7021023e-01  -3.4876946e-06  -1.6690950e+00   1.7443160e+00
  -1.7596765e-01   1.9387494e+00  -2.6822146e-01  -3.6818295e-06  -1.6705282e+00   1.7467652e+00
  -1.7841650e-01   1.9381819e+00  -2.6621594e-01  -4.1252398e-06  -1.6719663e+00   1.7492142e+00
  -1.8086506e-01   1.9376095e+00  -2.6420849e-01  -4.4830848e-06  -1.6734013e+00   1.7516628e+00
  -1.8331372e-01   1.9370381e+00  -2.6221162e-01  -4.7794053e-06  -1.6748267e+00   1.7541115e+00
  -1.8576194e-01   1.9364545e+00  -2.6019760e-01  -5.2679879e-06  -1.6762572e+00   1.7565598e+00
  -1.8821032e-01   1.9358739e+00  -2.5819817e-01  -5.5437486e-06  -1.6776760e+00   1.7590082e+00
  -1.9065862e-01   1.9352873e+00  -2.5619437e-01  -5.9699736e-06  -1.6790931e+00   1.7614566e+00
  -1.9310631e-01   1.9346901e+00  -2.5417686e-01  -6.4597483e-06  -1.6805134e+00   1.7639043e+00
  -1.9555471e-01   1.9341003e+00  -2.5218355e-01  -6.6801646e-06  -1.6819169e+00   1.7663526e+00
  -1.9800248e-01   1.9334994e+00  -2.5017503e-01  -7.2038245e-06  -1.6833245e+00   1.7688004e+00
  -2.0045011e-01   1.9328950e+00  -2.4816767e-01  -7.5841169e-06  -1.6847275e+00   1.7712480e+00
  -2.0289801e-01   1.9322925e+00  -2.4617237e-01  -7.8917761e-06  -1.6861202e+00   1.7736959e+00
  -2.0534541e-01   1.9316779e+00  -2.4416045e-01  -8.3878195e-06  -1.6875175e+00   1.7761432e+00
  -2.0779295e-01   1.9310672e+00  -2.4216494e-01  -8.6266787e-06  -1.6889023e+00   1.7785907e+00
  -2.1024048e-01   1.9304524e+00  -2.4016897e-01  -8.9576305e-06  -1.6902833e+00   1.7810381e+00
  -2.1268756e-01   1.9298258e+00  -2.3815698e-01  -9.3075694e-06  -1.6916688e+00   1.7834851e+00
  -2.1513503e-01   1.9292100e+00  -2.3617570e-01  -9.3616104e-06  -1.6930342e+00   1.7859324e+00
  -2.1758215e-01   1.9285835e+00  -2.3418059e-01  -9.5166788e-06  -1.6944027e+00   1.7883794e+00
  -2.2002901e-01   1.9279519e+00  -2.3218314e-01  -9.4732584e-06  -1.6957686e+00   1.7908261e+00
  -2.2247616e-01   1.9273255e+00  -2.3020494e-01  -9.2242171e-06  -1.6971204e+00   1.7932731e+00
  -2.2492266e-01   1.9266893e+00  -2.2821421e-01  -8.7005137e-06  -1.6984748e+00   1.7957195e+00
  -2.2736924e-01   1.9260539e+00  -2.2623357e-01  -7.8330875e-06  -1.6998201e+00   1.7981659e+00
  -2.2981587e-01   1.9254193e+00  -2.2426265e-01  -6.5011251e-06  -1.7011565e+00   1.8006124e+00
  -2.3226154e-01   1.9247765e+00  -2.2228198e-01  -4.4605594e-06  -1.7024944e+00   1.8030580e+00
  -2.3470764e-01   1.9241412e+00  -2.2032447e-01  -2.2933219e-06  -1.7038167e+00   1.8055040e+00
  -2.3715993e-01   1.9234980e+00  -2.1836376e-01  -9.5940592e-06  -1.7051342e+00   1.8079567e+00
  -2.3960093e-01   1.9228483e+00  -2.1638912e-01  -1.3434077e-06  -1.7064592e+00   1.8103973e+00
  -2.4204948e-01   1.9222075e+00  -2.1444801e-01  -1.4090663e-06  -1.7077596e+00   1.8128463e+00
  -2.4449496e-01   1.9215581e+00  -2.1249380e-01  -1.5438842e-06  -1.7090642e+00   1.8152911e+00
  -2.4694367e-01   1.9209056e+00  -2.1054087e-01  -5.8271020e-06  -1.7103656e+00   1.8177393e+00
  -2.4939156e-01   1.9202602e+00  -2.0861230e-01  -7.6121839e-06  -1.7116489e+00   1.8201868e+00
  -2.5183710e-01   1.9196049e+00  -2.0667311e-01  -3.1235865e-06  -1.7129324e+00   1.8226331e+00
  -2.5428504e-01   1.9189564e+00  -2.0476261e-01   8.4536215e-06  -1.7141933e+00   1.8250849e+00
  -2.5673287e-01   1.9182944e+00  -2.0282749e-01   5.3046004e-09  -1.7154664e+00   1.8275303e+00
  -2.5917681e-01   1.9176450e+00  -2.0091120e-01  -1.0055151e-07  -1.7167339e+00   1.8299732e+00
  -2.6162687e-01   1.9169794e+00  -1.9899472e-01  -1.7206372e-06  -1.7179841e+00   1.8324237e+00
  -2.6407504e-01   1.9163294e+00  -1.9710636e-01   2.0582337e-06  -1.7192226e+00   1.8348735e+00
  -2.6651908e-01   1.9156763e+00  -1.9520414e-01   1.3818148e-05  -1.7204734e+00   1.8373208e+00
  -2.6896595e-01   1.9150137e+00  -1.9331187e-01   1.5136740e-06  -1.7217017e+00   1.8397632e+00
  -2.7141500e-01   1.9143589e+00  -1.9143967e-01   2.7006440e-06  -1.7229192e+00   1.8422133e+00
  -2.7386363e-01   1.9136949e+00  -1.8955630e-01   8.5078034e-06  -1.7241381e+00   1.8446650e+00
  -2.7630878e-01   1.9130392e+00  -1.8769441e-01   4.4565435e-06  -1.7253443e+00   1.8471076e+00
  -2.7875628e-01   1.9123851e+00  -1.8584552e-01   4.3349848e-06  -1.7265392e+00   1.8495550e+00
  -2.8120373e-01   1.9117217e+00  -1.8398576e-01   6.0527542e-06  -1.7277353e+00   1.8520034e+00
  -2.8365222e-01   1.9110725e+00  -1.8216290e-01   8.6621114e-06  -1.7289087e+00   1.8544534e+00
  -2.8610028e-01   1.9104199e+00  -1.8034008e-01   1.0314056e-05  -1.7300785e+00   1.8569026e+00
  -2.8854799e-01   1.9097610e+00  -1.7851210e-01   1.1009914e-05  -1.7312474e+00   1.8593509e+00
  -2.9099634e-01   1.9091179e+00  -1.7672494e-01   1.1003609e-05  -1.7323913e+00   1.8617994e+00
  -2.9344421e-01   1.9084684e+00  -1.7493289e-01   1.0988437e-05  -1.7335337e+00   1.8642474e+00
  -2.9589197e-01   1.9078139e+00  -1.7313820e-01   1.0852762e-05  -1.7346738e+00   1.8666953e+00
  -2.9834029e-01   1.9071754e+00  -1.7138443e-01   1.0242716e-05  -1.7357890e+00   1.8691433e+00
  -3.0078837e-01   1.9065297e+00  -1.6962443e-01   1.0065212e-05  -1.7369033e+00   1.8715914e+00
  -3.0323636e-01   1.9058810e+00  -1.6786582e-01   9.7253564e-06  -1.7380131e+00   1.8740393e+00
  -3.0568476e-01   1.9052478e+00  -1.6614694e-01   8.9672588e-06  -1.7390988e+00   1.8764873e+00
  -3.0813310e-01   1.9046084e+00  -1.6442340e-01   8.7373560e-06  -1.7401829e+00   1.8789356e+00
  -3.1058123e-01   1.9039674e+00  -1.6270416e-01   8.3233092e-06  -1.7412611e+00   1.8813836e+00
  -3.1302980e-01   1.9033410e+00  -1.6102307e-01   7.5548483e-06  -1.7423159e+00   1.8838317e+00
  -3.1547820e-01   1.9027096e+00  -1.5933954e-01   7.2933057e-06  -1.7433681e+00   1.8862799e+00
  -3.1792659e-01   1.9020770e+00  -1.5766099e-01   6.8727728e-06  -1.7444140e+00   1.8887281e+00
  -3.2037525e-01   1.9014595e+00  -1.5602185e-01   6.1092820e-06  -1.7454359e+00   1.8911762e+00
  -3.2282405e-01   1.9008370e+00  -1.5437986e-01   5.8536113e-06  -1.7464554e+00   1.8936249e+00
  -3.2527269e-01   1.9002144e+00  -1.5274528e-01   5.4196156e-06  -1.7474674e+00   1.8960732e+00
  -3.2772160e-01   1.8996071e+00  -1.5115023e-01   4.6966641e-06  -1.7484554e+00   1.8985216e+00
  -3.3017050e-01   1.8989955e+00  -1.4955380e-01   4.4281362e-06  -1.7494402e+00   1.9009703e+00
  -3.3261931e-01   1.8983834e+00  -1.4796439e-01   4.0172798e-06  -1.7504177e+00   1.9034188e+00
  -3.3506835e-01   1.8977892e+00  -1.4641882e-01   3.3151811e-06  -1.7513692e+00   1.9058672e+00
  -3.3751748e-01   1.8971900e+00  -1.4487104e-01   3.0628251e-06  -1.7523179e+00   1.9083162e+00
  -3.3996649e-01   1.8965905e+00  -1.4333024e-01   2.6831169e-06  -1.7532594e+00   1.9107649e+00
  -3.4241601e-01   1.8960092e+00  -1.4183445e-01   2.0664122e-06  -1.7541741e+00   1.9132138e+00
  -3.4486539e-01   1.8954244e+00  -1.4033881e-01   1.8216841e-06  -1.7550850e+00   1.9156630e+00
  -3.4731473e-01   1.8948387e+00  -1.3884894e-01   1.5145862e-06  -1.7559893e+00   1.9181121e+00
  -3.4976790e-01   1.8942978e+00  -1.3743677e-01   9.7941478e-06  -1.7568595e+00   1.9205709e+00
  -3.5221503e-01   1.8937161e+00  -1.3597852e-01   4.7664415e-06  -1.7577383e+00   1.9230140e+00
  -3.5466497e-01   1.8931460e+00  -1.3454177e-01   5.7587704e-06  -1.7586048e+00   1.9254646e+00
  -3.5711361e-01   1.8925923e+00  -1.3315079e-01   4.2984159e-06  -1.7594432e+00   1.9279116e+00
  -3.5956350e-01   1.8920400e+00  -1.3176686e-01   4.4121195e-06  -1.7602751e+00   1.9303613e+00
  -3.6201278e-01   1.8914861e+00  -1.3038701e-01   4.6580869e-06  -1.7611017e+00   1.9328102e+00
  -3.6445982e-01   1.8909610e+00  -1.2907040e-01   7.2858330e-06  -1.7618957e+00   1.9352565e+00
  -3.6691419e-01   1.8904037e+00  -1.2771526e-01   1.1510094e-06  -1.7626890e+00   1.9377104e+00
  -3.6936426e-01   1.8898679e+00  -1.2639470e-01   1.3435158e-06  -1.7634740e+00   1.9401605e+00
  -3.7181254e-01   1.8893496e+00  -1.2511773e-01   2.8672172e-06  -1.7642347e+00   1.9426081e+00
  -3.7426052e-01   1.8888378e+00  -1.2386092e-01   4.3297548e-06  -1.7649818e+00   1.9450553e+00
  -3.7670863e-01   1.8883264e+00  -1.2261209e-01   5.4680663e-06  -1.7657209e+00   1.9475026e+00
  -3.7916633e-01   1.8878210e+00  -1.2138277e-01   1.2375807e-06  -1.7664406e+00   1.9499621e+00
  -3.8161499e-01   1.8873255e+00  -1.2018391e-01   2.5642872e-06  -1.7671455e+00   1.9524102e+00
  -3.8406561e-01   1.8868326e+00  -1.1899560e-01   2.4329583e-06  -1.7678409e+00   1.9548607e+00
  -3.8651683e-01   1.8863538e+00  -1.1784344e-01   1.9715612e-06  -1.7685140e+00   1.9573119e+00
  -3.8896835e-01   1.8858847e+00  -1.1671843e-01   1.4853578e-06  -1.7691696e+00   1.9597634e+00
  -3.9141947e-01   1.8854150e+00  -1.1559933e-01   1.1870584e-06  -1.7698188e+00   1.9622146e+00
  -3.9387118e-01   1.8849569e+00  -1.1451091e-01   6.4742306e-07  -1.7704487e+00   1.9646664e+00
  -3.9632328e-01   1.8845125e+00  -1.1345763e-01   1.4784661e-07  -1.7710571e+00   1.9671186e+00
  -3.9877473e-01   1.8840677e+00  -1.1241104e-01  -6.0456387e-08  -1.7716587e+00   1.9695700e+00
  -4.0122630e-01   1.8836311e+00  -1.1138802e-01  -3.0683598e-07  -1.7722448e+00   1.9720217e+00
  -4.0367823e-01   1.8832124e+00  -1.1040892e-01  -5.8158648e-07  -1.7728048e+00   1.9744737e+00
  -4.0614283e-01   1.8827991e+00  -1.0946093e-01   4.5783394e-06  -1.7733426e+00   1.9769425e+00
  -4.0858094e-01   1.8823779e+00  -1.0847877e-01  -6.2410423e-07  -1.7739005e+00   1.9793764e+00
  -4.1103754e-01   1.8819788e+00  -1.0756730e-01  -2.4048891e-06  -1.7744124e+00   1.9818334e+00
  -4.1349274e-01   1.8816279e+00  -1.0673999e-01   8.6653328e-06  -1.7748821e+00   1.9842954e+00
  -4.1593952e-01   1.8812129e+00  -1.0580512e-01   3.1675685e-06  -1.7754082e+00   1.9867379e+00
  -4.1839461e-01   1.8808741e+00  -1.0503134e-01   1.0498235e-05  -1.7758380e+00   1.9891974e+00
  -4.2084209e-01   1.8804831e+00  -1.0416048e-01   3.9346204e-06  -1.7763234e+00   1.9916406e+00
  -4.2329594e-01   1.8801504e+00  -1.0341182e-01   1.2483949e-05  -1.7767347e+00   1.9940990e+00
  -4.2574295e-01   1.8797849e+00  -1.0260666e-01   7.8441920e-06  -1.7771799e+00   1.9965424e+00
  -4.2819440e-01   1.8794477e+00  -1.0186646e-01   6.8107015e-06  -1.7775827e+00   1.9989933e+00
  -4.3064384e-01   1.8791223e+00  -1.0115427e-01   9.7700489e-06  -1.7779702e+00   2.0014433e+00
  -4.3309637e-01   1.8787840e+00  -1.0043485e-01   4.3506635e-06  -1.7783504e+00   2.0038937e+00
  -4.3554397e-01   1.8784871e+00  -9.9794858e-02   7.4849448e-06  -1.7786948e+00   2.0063415e+00
  -4.3799340e-01   1.8781896e+00  -9.9161415e-02   8.8063685e-06  -1.7790312e+00   2.0087909e+00
  -4.4045091e-01   1.8778824e+00  -9.8519406e-02   2.4966181e-06  -1.7793645e+00   2.0112474e+00
  -4.4289338e-01   1.8776419e+00  -9.8011517e-02   4.2852651e-06  -1.7796322e+00   2.0136882e+00
  -4.4535395e-01   1.8773364e+00  -9.7389424e-02   1.3513447e-06  -1.7799483e+00   2.0161498e+00
  -4.4781047e-01   1.8773278e+00  -9.7313704e-02  -8.7968436e-07  -1.7800042e+00   2.0186066e+00
  -4.5026302e-01   1.8768410e+00  -9.6383227e-02   4.2552953e-06  -1.7804565e+00   2.0210618e+00
  -4.5271651e-01   1.8768249e+00  -9.6313669e-02  -3.2370674e-06  -1.7804989e+00   2.0235124e+00
  -4.5516161e-01   1.8763520e+00  -9.5434180e-02   4.2884832e-06  -1.7809210e+00   2.0259591e+00
  -4.5762189e-01   1.8763352e+00  -9.5375716e-02  -3.8748636e-06  -1.7809475e+00   2.0284181e+00
  -4.6007073e-01   1.8759311e+00  -9.4639797e-02  -1.4473622e-06  -1.7812919e+00   2.0308672e+00
  -4.6252204e-01   1.8759058e+00  -9.4588234e-02  -2.4540756e-06  -1.7813113e+00   2.0333180e+00
  -4.6496547e-01   1.8755372e+00  -9.3920458e-02   8.3535515e-06  -1.7816120e+00   2.0357644e+00
  -4.6742533e-01   1.8755027e+00  -9.3856656e-02  -1.7820170e-06  -1.7816323e+00   2.0382218e+00
  -4.6987855e-01   1.8750090e+00  -9.2974734e-02   1.5124873e-06  -1.7820358e+00   2.0406769e+00
  -4.7232148e-01   1.8749574e+00  -9.2879614e-02   2.3480103e-06  -1.7820672e+00   2.0431185e+00
  -4.7476884e-01   1.8743898e+00  -9.1860480e-02   2.8069318e-06  -1.7825308e+00   2.0455653e+00
  -4.7722013e-01   1.8740426e+00  -9.1236918e-02   1.7592496e-06  -1.7828083e+00   2.0480164e+00
  -4.7966759e-01   1.8736702e+00  -9.0568307e-02   5.7053194e-06  -1.7831056e+00   2.0504650e+00
  -4.8211804e-01   1.8732784e+00  -8.9862488e-02   9.8052464e-06  -1.7834175e+00   2.0529177e+00
  -4.8456653e-01   1.8728459e+00  -8.9085266e-02   1.1445774e-05  -1.7837631e+00   2.0553668e+00
  -4.8701888e-01   1.8723692e+00  -8.8223588e-02   6.8297751e-06  -1.7841453e+00   2.0578183e+00
  -4.8946294e-01   1.8718893e+00  -8.7364328e-02   1.2407644e-05  -1.7845280e+00   2.0602637e+00
  -4.9191586e-01   1.8713543e+00  -8.6395119e-02   5.9682694e-06  -1.7849571e+00   2.0627156e+00
  -4.9435887e-01   1.8708125e+00  -8.5425345e-02   1.2188809e-05  -1.7853896e+00   2.0651602e+00
  -4.9680970e-01   1.8702254e+00  -8.4362220e-02   6.9759815e-06  -1.7858601e+00   2.0676102e+00
  -4.9925360e-01   1.8696199e+00  -8.3276828e-02   1.1534585e-05  -1.7863438e+00   2.0700555e+00
  -5.0170145e-01   1.8689828e+00  -8.2125574e-02   8.8143423e-06  -1.7868535e+00   2.0725032e+00
  -5.0413993e-01   1.8683457e+00  -8.0992693e-02   3.8284335e-06  -1.7873555e+00   2.0749376e+00
  -5.0658515e-01   1.8677634e+00  -7.9965315e-02   2.7692963e-06  -1.7877997e+00   2.0773825e+00
  -5.0902580e-01   1.8672023e+00  -7.8989059e-02   3.0089214e-06  -1.7882143e+00   2.0798222e+00
  -5.1148120e-01   1.8667134e+00  -7.8158058e-02   9.0103478e-07  -1.7885567e+00   2.0822792e+00
  -5.1391469e-01   1.8662622e+00  -7.7411598e-02  -3.3006748e-06  -1.7888520e+00   2.0847079e+00
  -5.1636802e-01   1.8658573e+00  -7.6746719e-02   6.2151634e-06  -1.7891075e+00   2.0871676e+00
  -5.1880840e-01   1.8654631e+00  -7.6134051e-02   1.9391831e-06  -1.7893262e+00   2.0896046e+00
  -5.2126195e-01   1.8653730e+00  -7.6076109e-02  -3.5496185e-06  -1.7892895e+00   2.0920579e+00
  -5.2369948e-01   1.8648370e+00  -7.5225405e-02   5.2533238e-06  -1.7896083e+00   2.0944972e+00
  -5.2614969e-01   1.8647462e+00  -7.5188925e-02  -8.7505659e-07  -1.7895498e+00   2.0969459e+00
  -5.2859291e-01   1.8646334e+00  -7.5131278e-02  -6.3353179e-08  -1.7894920e+00   2.0993891e+00
  -5.3103763e-01   1.8645085e+00  -7.5059799e-02  -7.3228824e-08  -1.7894363e+00   2.1018338e+00
  -5.3347878e-01   1.8640664e+00  -7.4436886e-02   2.8590105e-06  -1.7896279e+00   2.1042751e+00
  -5.3593464e-01   1.8639734e+00  -7.4448760e-02  -4.8365449e-06  -1.7895281e+00   2.1067309e+00
  -5.3837816e-01   1.8638775e+00  -7.4467553e-02  -4.2837311e-06  -1.7894145e+00   2.1091743e+00
  -5.4081978e-01   1.8637848e+00  -7.4507023e-02  -2.8606423e-06  -1.7892848e+00   2.1116159e+00
  -5.4326215e-01   1.8637006e+00  -7.4575398e-02  -2.0038032e-06  -1.7891365e+00   2.1140581e+00
  -5.4570378e-01   1.8639575e+00  -7.5277941e-02   5.1861053e-06  -1.7886782e+00   2.1165025e+00
  -5.4814813e-01   1.8638640e+00  -7.5342024e-02  -1.1254449e-06  -1.7885318e+00   2.1189442e+00
  -5.5059185e-01   1.8641870e+00  -7.6189416e-02   2.8808662e-06  -1.7879973e+00   2.1213902e+00
  -5.5303314e-01   1.8640890e+00  -7.6267680e-02  -6.0335361e-07  -1.7878332e+00   2.1238292e+00
  -5.5547813e-01   1.8645325e+00  -7.7358492e-02   3.3212320e-06  -1.7871739e+00   2.1262772e+00
  -5.5791822e-01   1.8647625e+00  -7.8061911e-02   1.8438134e-06  -1.7867003e+00   2.1287160e+00
  -5.6036005e-01   1.8650043e+00  -7.8796402e-02   1.7612374e-06  -1.7862076e+00   2.1311579e+00
  -5.6280217e-01   1.8653277e+00  -7.9682143e-02  -1.1360813e-06  -1.7856440e+00   2.1335982e+00
  -5.6523464e-01   1.8656209e+00  -8.0531752e-02  -7.3376214e-06  -1.7850884e+00   2.1360249e+00
  -5.6767228e-01   1.8659594e+00  -8.1474841e-02  -4.2522410e-06  -1.7844817e+00   2.1384624e+00
  -5.7011854e-01   1.8663717e+00  -8.2577752e-02  -3.6247791e-07  -1.7837922e+00   2.1409137e+00
  -5.7255834e-01   1.8667733e+00  -8.3658748e-02  -4.9643222e-07  -1.7831130e+00   2.1433536e+00
  -5.7499641e-01   1.8672070e+00  -8.4808351e-02  -5.2182006e-08  -1.7823963e+00   2.1457914e+00
  -5.7743352e-01   1.8676801e+00  -8.6042189e-02   8.3813169e-07  -1.7816346e+00   2.1482280e+00
  -5.7987125e-01   1.8681588e+00  -8.7293466e-02   1.2744697e-06  -1.7808617e+00   2.1506656e+00
  -5.8230751e-01   1.8686807e+00  -8.8636506e-02   2.5413407e-06  -1.7800395e+00   2.1531016e+00
  -5.8474397e-01   1.8692230e+00  -9.0026186e-02   3.2354970e-06  -1.7791916e+00   2.1555379e+00
  -5.8718095e-01   1.8697707e+00  -9.1432806e-02   3.5497489e-06  -1.7783326e+00   2.1579749e+00
  -5.8961945e-01   1.8703716e+00  -9.2953307e-02   2.1834982e-06  -1.7774145e+00   2.1604144e+00
  -5.9205638e-01   1.8709753e+00  -9.4483330e-02   1.5588749e-06  -1.7764891e+00   2.1628518e+00
  -5.9448408e-01   1.8715945e+00  -9.6049847e-02   7.1124493e-06  -1.7755369e+00   2.1652768e+00
  -5.9692278e-01   1.8722610e+00  -9.7714970e-02   4.8616905e-06  -1.7745415e+00   2.1677171e+00
  -5.9935974e-01   1.8729226e+00  -9.9377622e-02   3.5065798e-06  -1.7735419e+00   2.1701550e+00
  -6.0179620e-01   1.8736214e+00  -1.0112091e-01   1.3233929e-06  -1.7724999e+00   2.1725924e+00
  -6.0422704e-01   1.8743081e+00  -1.0286461e-01   7.8285003e-06  -1.7714389e+00   2.1750243e+00
  -6.0666161e-01   1.8750335e+00  -1.0467110e-01   6.4214591e-06  -1.7703585e+00   2.1774590e+00
  -6.0909633e-01   1.8757951e+00  -1.0655691e-01   5.0546803e-06  -1.7692362e+00   2.1798950e+00
  -6.1152986e-01   1.8765475e+00  -1.0843379e-01   5.9498464e-06  -1.7681123e+00   2.1823297e+00
  -6.1396368e-01   1.8773287e+00  -1.1037679e-01   7.8197211e-06  -1.7669517e+00   2.1847661e+00
  -6.1639659e-01   1.8781211e+00  -1.1234720e-01   8.9305819e-06  -1.7657746e+00   2.1872007e+00
  -6.1882362e-01   1.8789492e+00  -1.1436803e-01   1.0764855e-06  -1.7645817e+00   2.1896208e+00
  -6.2125528e-01   1.8797895e+00  -1.1644429e-01   2.9067333e-06  -1.7633462e+00   2.1920543e+00
  -6.2368604e-01   1.8806176e+00  -1.1850215e-01   3.0509715e-06  -1.7621165e+00   2.1944852e+00
  -6.2611648e-01   1.8814774e+00  -1.2062995e-01   4.1166941e-06  -1.7608489e+00   2.1969169e+00
  -6.2854642e-01   1.8823414e+00  -1.2277239e-01   4.6694200e-06  -1.7595706e+00   2.1993474e+00
  -6.3097631e-01   1.8832106e+00  -1.2493182e-01   5.3544540e-06  -1.7582805e+00   2.2017780e+00
  -6.3340575e-01   1.8841063e+00  -1.2715086e-01   6.4317104e-06  -1.7569576e+00   2.2042086e+00
  -6.3583484e-01   1.8849909e+00  -1.2935390e-01   6.7551104e-06  -1.7556392e+00   2.2066379e+00
  -6.3826369e-01   1.8859091e+00  -1.3163103e-01   8.0998090e-06  -1.7542806e+00   2.2090681e+00
  -6.4069195e-01   1.8868210e+00  -1.3390198e-01   8.4738408e-06  -1.7529217e+00   2.2114966e+00
  -6.4312001e-01   1.8877459e+00  -1.3620521e-01   9.4173452e-06  -1.7515434e+00   2.2139254e+00
  -6.4554766e-01   1.8886831e+00  -1.3853999e-01   1.0242673e-05  -1.7501460e+00   2.2163537e+00
  -6.4796942e-01   1.8896029e+00  -1.4084814e-01   7.9610915e-07  -1.7487541e+00   2.2187666e+00
  -6.5039600e-01   1.8905637e+00  -1.4324320e-01   1.2142113e-06  -1.7473198e+00   2.2211934e+00
  -6.5282305e-01   1.8915085e+00  -1.4561322e-01   1.2412138e-06  -1.7458946e+00   2.2236204e+00
  -6.5524931e-01   1.8924780e+00  -1.4803921e-01   1.3548692e-06  -1.7444380e+00   2.2260468e+00
  -6.5767584e-01   1.8934416e+00  -1.5046042e-01   1.3832522e-06  -1.7429805e+00   2.2284733e+00
  -6.6010196e-01   1.8944129e+00  -1.5290364e-01   1.4095621e-06  -1.7415085e+00   2.2308994e+00
  -6.6252779e-01   1.8953931e+00  -1.5537147e-01   1.3973713e-06  -1.7400208e+00   2.2333252e+00
  -6.6495399e-01   1.8963651e+00  -1.5782982e-01   1.3373935e-06  -1.7385345e+00   2.2357513e+00
  -6.6737935e-01   1.8973589e+00  -1.6033886e-01   1.2162605e-06  -1.7370192e+00   2.2381766e+00
  -6.6980541e-01   1.8983348e+00  -1.6281872e-01   1.0734701e-06  -1.7355154e+00   2.2406025e+00
  -6.7223408e-01   1.8993533e+00  -1.6538193e-01   1.2217027e-05  -1.7339725e+00   2.2430383e+00
  -6.7465638e-01   1.9003244e+00  -1.6787530e-01   1.0536621e-06  -1.7324484e+00   2.2454535e+00
  -6.7708349e-01   1.9013392e+00  -1.7044452e-01   7.6399795e-06  -1.7308952e+00   2.2478846e+00
  -6.7950931e-01   1.9023365e+00  -1.7299495e-01   8.6660076e-06  -1.7293421e+00   2.2503111e+00
  -6.8193409e-01   1.9033323e+00  -1.7554989e-01   6.6489511e-06  -1.7277828e+00   2.2527345e+00
  -6.8435831e-01   1.9043301e+00  -1.7811783e-01   3.0265177e-06  -1.7262125e+00   2.2551565e+00
  -6.8678749e-01   1.9053238e+00  -1.8067997e-01   9.1739686e-06  -1.7246433e+00   2.2575898e+00
  -6.8921312e-01   1.9063326e+00  -1.8328145e-01   1.0748822e-05  -1.7230506e+00   2.2600164e+00
  -6.9163803e-01   1.9073217e+00  -1.8585140e-01   6.7147593e-06  -1.7214696e+00   2.2624389e+00
  -6.9406029e-01   1.9083277e+00  -1.8846550e-01   4.2763114e-07  -1.7198618e+00   2.2648574e+00
  -6.9648592e-01   1.9093161e+00  -1.9104910e-01   1.2797011e-06  -1.7182665e+00   2.2672829e+00
  -6.9891485e-01   1.9103347e+00  -1.9368156e-01   2.4841465e-07  -1.7166533e+00   2.2697126e+00
  -7.0134275e-01   1.9113092e+00  -1.9625501e-01  -1.1663249e-05  -1.7150543e+00   2.2721370e+00
  -7.0376514e-01   1.9123302e+00  -1.9891885e-01   3.8678969e-06  -1.7134115e+00   2.2745635e+00
  -7.0618894e-01   1.9133076e+00  -2.0152122e-01   9.7008924e-07  -1.7117863e+00   2.2769857e+00
  -7.0861486e-01   1.9142999e+00  -2.0414826e-01  -1.6583498e-08  -1.7101515e+00   2.2794112e+00
  -7.1104485e-01   1.9153051e+00  -2.0678806e-01   3.7321150e-07  -1.7085173e+00   2.2818424e+00
  -7.1347569e-01   1.9162808e+00  -2.0939248e-01  -8.1659640e-06  -1.7068884e+00   2.2842722e+00
  -7.1589580e-01   1.9172674e+00  -2.1204254e-01  -6.0764806e-07  -1.7052244e+00   2.2866926e+00
  -7.1832285e-01   1.9182499e+00  -2.1467319e-01  -2.4379006e-06  -1.7035769e+00   2.2891189e+00
  -7.2075091e-01   1.9192278e+00  -2.1730623e-01  -1.8765749e-06  -1.7019209e+00   2.2915477e+00
  -7.2318087e-01   1.9201992e+00  -2.1992930e-01  -4.8562536e-06  -1.7002688e+00   2.2939779e+00
  -7.2560465e-01   1.9211719e+00  -2.2256599e-01  -1.0035932e-06  -1.6986060e+00   2.2964011e+00
  -7.2803359e-01   1.9221307e+00  -2.2517924e-01  -1.3279933e-06  -1.6969516e+00   2.2988300e+00
  -7.3046207e-01   1.9231029e+00  -2.2782562e-01  -2.6308803e-06  -1.6952773e+00   2.3012586e+00
  -7.3289287e-01   1.9240550e+00  -2.3043823e-01  -5.0894407e-06  -1.6936167e+00   2.3036897e+00
  -7.3532279e-01   1.9250182e+00  -2.3308134e-01  -7.3107575e-06  -1.6919366e+00   2.3061199e+00
  -7.3775410e-01   1.9259559e+00  -2.3568083e-01  -9.3589711e-06  -1.6902747e+00   2.3085516e+00
  -7.4018407e-01   1.9269071e+00  -2.3831506e-01  -1.0299907e-05  -1.6885915e+00   2.3109820e+00
  -7.4261539e-01   1.9278321e+00  -2.4090357e-01  -1.0819054e-05  -1.6869280e+00   2.3134136e+00
  -7.4504555e-01   1.9287727e+00  -2.4353059e-01  -1.0929865e-05  -1.6852415e+00   2.3158440e+00
  -7.4747732e-01   1.9296858e+00  -2.4610916e-01  -1.0768754e-05  -1.6835760e+00   2.3182760e+00
  -7.4990826e-01   1.9306146e+00  -2.4872649e-01  -1.0631983e-05  -1.6818873e+00   2.3207071e+00
  -7.5234070e-01   1.9315158e+00  -2.5129524e-01  -1.0150253e-05  -1.6802198e+00   2.3231397e+00
  -7.5477225e-01   1.9324315e+00  -2.5390003e-01  -9.9140228e-06  -1.6785305e+00   2.3255714e+00
  -7.5720560e-01   1.9333204e+00  -2.5645800e-01  -9.2703437e-06  -1.6768616e+00   2.3280048e+00
  -7.5963806e-01   1.9342227e+00  -2.5904991e-01  -8.9893526e-06  -1.6751718e+00   2.3304373e+00
  -7.6207225e-01   1.9350980e+00  -2.6159422e-01  -8.2565805e-06  -1.6735028e+00   2.3328715e+00
  -7.6450561e-01   1.9359867e+00  -2.6417289e-01  -7.9667280e-06  -1.6718128e+00   2.3353049e+00
  -7.6694081e-01   1.9368482e+00  -2.6670339e-01  -7.1956318e-06  -1.6701439e+00   2.3377400e+00
  -7.6937541e-01   1.9377222e+00  -2.6926628e-01  -6.8954353e-06  -1.6684549e+00   2.3401746e+00
  -7.7181139e-01   1.9385694e+00  -2.7178195e-01  -6.1288685e-06  -1.6667865e+00   2.3426104e+00
  -7.7424719e-01   1.9394280e+00  -2.7432784e-01  -5.8220153e-06  -1.6650992e+00   2.3450461e+00
  -7.7668418e-01   1.9402611e+00  -2.7682899e-01  -5.0911038e-06  -1.6634312e+00   2.3474829e+00
  -7.7912125e-01   1.9411028e+00  -2.7935474e-01  -4.7653059e-06  -1.6617472e+00   2.3499199e+00
  -7.8155944e-01   1.9419214e+00  -2.8184047e-01  -4.0995710e-06  -1.6600802e+00   2.3523578e+00
  -7.8399757e-01   1.9427460e+00  -2.8434558e-01  -3.7656230e-06  -1.6583997e+00   2.3547958e+00
  -7.8643704e-01   1.9435498e+00  -2.8681532e-01  -3.1750203e-06  -1.6567339e+00   2.3572350e+00
  -7.8887637e-01   1.9443560e+00  -2.8929719e-01  -2.8372379e-06  -1.6550583e+00   2.3596742e+00
  -7.9131709e-01   1.9451448e+00  -2.9175055e-01  -2.3414586e-06  -1.6533939e+00   2.3621147e+00
  -7.9375798e-01   1.9459329e+00  -2.9420959e-01  -2.0184055e-06  -1.6517231e+00   2.3645554e+00
  -7.9620003e-01   1.9467061e+00  -2.9664527e-01  -1.6171314e-06  -1.6500607e+00   2.3669972e+00
  -7.9864232e-01   1.9474749e+00  -2.9907888e-01  -1.3260557e-06  -1.6483960e+00   2.3694393e+00
  -8.0108569e-01   1.9482329e+00  -3.0149761e-01  -1.0303642e-06  -1.6467354e+00   2.3718825e+00
  -8.0352980e-01   1.9489824e+00  -3.0390591e-01  -7.8747390e-07  -1.6450767e+00   2.3743265e+00
  -8.0597434e-01   1.9497244e+00  -3.0630612e-01  -5.8514857e-07  -1.6434185e+00   2.3767709e+00
  -8.0842837e-01   1.9504414e+00  -3.0867565e-01  -7.4608800e-06  -1.6417619e+00   2.3792295e+00
  -8.1087071e-01   1.9511713e+00  -3.1106322e-01  -4.1593377e-06  -1.6401050e+00   2.3816696e+00
  -8.1331732e-01   1.9518815e+00  -3.1341859e-01  -3.3063339e-06  -1.6384602e+00   2.3841156e+00
  -8.1576378e-01   1.9525925e+00  -3.1578279e-01  -2.4353263e-06  -1.6368071e+00   2.3865615e+00
  -8.1821212e-01   1.9532813e+00  -3.1810836e-01  -1.3055496e-06  -1.6351708e+00   2.3890092e+00
  -8.2066053e-01   1.9539753e+00  -3.2045199e-01  -8.4225609e-07  -1.6335213e+00   2.3914574e+00
  -8.2311110e-01   1.9546452e+00  -3.2275274e-01  -1.7746432e-07  -1.6318906e+00   2.3939077e+00
  -8.2556163e-01   1.9553195e+00  -3.2507022e-01   6.2738497e-08  -1.6302475e+00   2.3963582e+00
  -8.2801379e-01   1.9559723e+00  -3.2735037e-01   9.0232734e-08  -1.6286202e+00   2.3988103e+00
  -8.3046627e-01   1.9566240e+00  -3.2963565e-01  -3.0341569e-08  -1.6269866e+00   2.4012627e+00
  -8.3291968e-01   1.9572593e+00  -3.3189427e-01  -6.0674799e-07  -1.6253633e+00   2.4037157e+00
  -8.3537357e-01   1.9578873e+00  -3.3414571e-01  -1.3399109e-06  -1.6237400e+00   2.4061689e+00
  -8.3782730e-01   1.9585037e+00  -3.3638083e-01  -2.4332085e-06  -1.6221215e+00   2.4086213e+00
  -8.4028137e-01   1.9591049e+00  -3.3859342e-01  -3.8843376e-06  -1.6205106e+00   2.4110730e+00
  -8.4273518e-01   1.9597003e+00  -3.4080153e-01  -5.1281293e-06  -1.6188987e+00   2.4135242e+00
  -8.4519996e-01   1.9603056e+00  -3.4301262e-01  -6.8649552e-07  -1.6172934e+00   2.4159953e+00
  -8.4765826e-01   1.9608898e+00  -3.4520749e-01  -7.0490322e-07  -1.6156827e+00   2.4184537e+00
  -8.5011743e-01   1.9614516e+00  -3.4736343e-01  -1.1513624e-06  -1.6140886e+00   2.4209120e+00
  -8.5257342e-01   1.9617522e+00  -3.4906585e-01  -5.6563886e-06  -1.6127000e+00   2.4233639e+00
  -8.5504092e-01   1.9611074e+00  -3.4906585e-01   1.2377406e-06  -1.6121191e+00   2.4258380e+00
  -8.5750249e-01   1.9604500e+00  -3.4906585e-01   1.0585642e-06  -1.6115225e+00   2.4282993e+00
  -8.5996581e-01   1.9597921e+00  -3.4906585e-01   1.0780123e-06  -1.6109253e+00   2.4307626e+00
  -8.6242986e-01   1.9591318e+00  -3.4906585e-01   1.0967168e-06  -1.6103255e+00   2.4332267e+00
  -8.6489470e-01   1.9584688e+00  -3.4906585e-01   1.1142657e-06  -1.6097228e+00   2.4356915e+00
  -8.6736094e-01   1.9578047e+00  -3.4906585e-01   1.1363901e-06  -1.6091183e+00   2.4381578e+00
  -8.6982734e-01   1.9571366e+00  -3.4906585e-01   1.1502183e-06  -1.6085102e+00   2.4406241e+00
  -8.7229553e-01   1.9564684e+00  -3.4906585e-01   1.1742516e-06  -1.6079009e+00   2.4430923e+00
  -8.7476370e-01   1.9557957e+00  -3.4906585e-01   1.1869665e-06  -1.6072876e+00   2.4455605e+00
  -8.7723368e-01   1.9551225e+00  -3.4906585e-01   1.2094273e-06  -1.6066729e+00   2.4480305e+00
  -8.7970390e-01   1.9544462e+00  -3.4906585e-01   1.2251020e-06  -1.6060551e+00   2.4505007e+00
  -8.8217539e-01   1.9537680e+00  -3.4906585e-01   1.2436399e-06  -1.6054350e+00   2.4529722e+00
  -8.8464797e-01   1.9530884e+00  -3.4906585e-01   1.2620281e-06  -1.6048128e+00   2.4554448e+00
  -8.8712100e-01   1.9524054e+00  -3.4906585e-01   1.2768683e-06  -1.6041874e+00   2.4579178e+00
  -8.8959601e-01   1.9517223e+00  -3.4906585e-01   1.2972856e-06  -1.6035609e+00   2.4603928e+00
  -8.9207065e-01   1.9510345e+00  -3.4906585e-01   1.3092718e-06  -1.6029302e+00   2.4628674e+00
  -8.9454726e-01   1.9503467e+00  -3.4906585e-01   1.3285848e-06  -1.6022984e+00   2.4653440e+00
  -8.9702411e-01   1.9496557e+00  -3.4906585e-01   1.3421943e-06  -1.6016636e+00   2.4678209e+00
  -8.9950235e-01   1.9489632e+00  -3.4906585e-01   1.3582325e-06  -1.6010266e+00   2.4702991e+00
  -9.0198142e-01   1.9482692e+00  -3.4906585e-01   1.3729854e-06  -1.6003876e+00   2.4727782e+00
  -9.0446122e-01   1.9475721e+00  -3.4906585e-01   1.3862347e-06  -1.5997455e+00   2.4752580e+00
  -9.0694273e-01   1.9468750e+00  -3.4906585e-01   1.4011496e-06  -1.5991024e+00   2.4777395e+00
  -9.0942411e-01   1.9461734e+00  -3.4906585e-01   1.4126805e-06  -1.5984553e+00   2.4802209e+00
  -9.1190737e-01   1.9454717e+00  -3.4906585e-01   1.4263281e-06  -1.5978069e+00   2.4827041e+00
  -9.1439106e-01   1.9447673e+00  -3.4906585e-01   1.4376586e-06  -1.5971559e+00   2.4851878e+00
  -9.1687593e-01   1.9440611e+00  -3.4906585e-01   1.4489416e-06  -1.5965025e+00   2.4876727e+00
  -9.1936203e-01   1.9433539e+00  -3.4906585e-01   1.4594291e-06  -1.5958475e+00   2.4901588e+00
  -9.2184842e-01   1.9426434e+00  -3.4906585e-01   1.4695779e-06  -1.5951893e+00   2.4926452e+00
  -9.2433657e-01   1.9419329e+00  -3.4906585e-01   1.4780531e-06  -1.5945300e+00   2.4951333e+00
  -9.2682496e-01   1.9412187e+00  -3.4906585e-01   1.4875582e-06  -1.5938672e+00   2.4976217e+00
  -9.2931486e-01   1.9405039e+00  -3.4906585e-01   1.4947142e-06  -1.5932030e+00   2.5001116e+00
  -9.3180545e-01   1.9397873e+00  -3.4906585e-01   1.5016259e-06  -1.5925366e+00   2.5026022e+00
  -9.3429690e-01   1.9390682e+00  -3.4906585e-01   1.5088996e-06  -1.5918675e+00   2.5050936e+00
  -9.3679006e-01   1.9383492e+00  -3.4906585e-01   1.5120464e-06  -1.5911974e+00   2.5075868e+00
  -9.3928313e-01   1.9376259e+00  -3.4906585e-01   1.5205410e-06  -1.5905235e+00   2.5100799e+00
  -9.4177783e-01   1.9369028e+00  -3.4906585e-01   1.5219181e-06  -1.5898486e+00   2.5125745e+00
  -9.4427335e-01   1.9361773e+00  -3.4906585e-01   1.5264607e-06  -1.5891711e+00   2.5150701e+00
  -9.4676970e-01   1.9354500e+00  -3.4906585e-01   1.5292583e-06  -1.5884914e+00   2.5175664e+00
  -9.4926737e-01   1.9347224e+00  -3.4906585e-01   1.5282351e-06  -1.5878106e+00   2.5200641e+00
  -9.5176535e-01   1.9339912e+00  -3.4906585e-01   1.5336909e-06  -1.5871263e+00   2.5225621e+00
  -9.5426485e-01   1.9332601e+00  -3.4906585e-01   1.5300787e-06  -1.5864410e+00   2.5250616e+00
  -9.5676490e-01   1.9325263e+00  -3.4906585e-01   1.5322755e-06  -1.5857530e+00   2.5275616e+00
  -9.5926598e-01   1.9317914e+00  -3.4906585e-01   1.5301837e-06  -1.5850632e+00   2.5300627e+00
  -9.6176868e-01   1.9310561e+00  -3.4906585e-01   1.5248329e-06  -1.5843721e+00   2.5325654e+00
  -9.6427238e-01   1.9303193e+00  -3.4906585e-01   1.5217700e-06  -1.5836791e+00   2.5350691e+00
  -9.6677770e-01   1.9295827e+00  -3.4906585e-01   1.5133551e-06  -1.5829852e+00   2.5375744e+00
  -9.6928452e-01   1.9288464e+00  -3.4906585e-01   1.5034177e-06  -1.5822904e+00   2.5400812e+00
  -9.7179307e-01   1.9281102e+00  -3.4906585e-01   1.4926114e-06  -1.5815948e+00   2.5425897e+00
  -9.7430326e-01   1.9273743e+00  -3.4906585e-01   1.4805062e-06  -1.5808984e+00   2.5450999e+00
  -9.7681474e-01   1.9266387e+00  -3.4906585e-01   1.4676870e-06  -1.5802012e+00   2.5476114e+00
  -9.7932798e-01   1.9259033e+00  -3.4906585e-01   1.4539712e-06  -1.5795032e+00   2.5501246e+00
  -9.8184247e-01   1.9251683e+00  -3.4906585e-01   1.4392681e-06  -1.5788045e+00   2.5526391e+00
  -9.8435864e-01   1.9244336e+00  -3.4906585e-01   1.4242655e-06  -1.5781050e+00   2.5551553e+00
  -9.8687595e-01   1.9236992e+00  -3.4906585e-01   1.4082205e-06  -1.5774048e+00   2.5576726e+00
  -9.8939498e-01   1.9229651e+00  -3.4906585e-01   1.3918252e-06  -1.5767038e+00   2.5601916e+00
  -9.9191527e-01   1.9222314e+00  -3.4906585e-01   1.3745269e-06  -1.5760022e+00   2.5627119e+00
  -9.9443672e-01   1.9214981e+00  -3.4906585e-01   1.3568516e-06  -1.5752999e+00   2.5652334e+00
  -9.9695968e-01   1.9207652e+00  -3.4906585e-01   1.3389420e-06  -1.5745969e+00   2.5677563e+00
  -9.9948369e-01   1.9200327e+00  -3.4906585e-01   1.3203601e-06  -1.5738933e+00   2.5702803e+00
  -1.0020091e+00   1.9193007e+00  -3.4906585e-01   1.3015828e-06  -1.5731890e+00   2.5728058e+00
  -1.0045356e+00   1.9185691e+00  -3.4906585e-01   1.2826027e-06  -1.5724842e+00   2.5753322e+00
  -1.0070634e+00   1.9178380e+00  -3.4906585e-01   1.2632716e-06  -1.5717787e+00   2.5778600e+00
  -1.0095924e+00   1.9171074e+00  -3.4906585e-01   1.2435856e-06  -1.5710727e+00   2.5803890e+00
  -1.0121223e+00   1.9163773e+00  -3.4906585e-01   1.2240257e-06  -1.5703662e+00   2.5829189e+00
  -1.0146534e+00   1.9156477e+00  -3.4906585e-01   1.2044282e-06  -1.5696590e+00   2.5854501e+00
  -1.0171854e+00   1.9149187e+00  -3.4906585e-01   1.1845148e-06  -1.5689514e+00   2.5879821e+00
  -1.0197186e+00   1.9141902e+00  -3.4906585e-01   1.1644892e-06  -1.5682433e+00   2.5905153e+00
  -1.0222526e+00   1.9134624e+00  -3.4906585e-01   1.1445670e-06  -1.5675347e+00   2.5930493e+00
  -1.0247877e+00   1.9127350e+00  -3.4906585e-01   1.1250266e-06  -1.5668255e+00   2.5955844e+00
  -1.0273238e+00   1.9120084e+00  -3.4906585e-01   1.1047956e-06  -1.5661160e+00   2.5981205e+00
  -1.0298606e+00   1.9112824e+00  -3.4906585e-01   1.0853290e-06  -1.5654061e+00   2.6006572e+00
  -1.0323984e+00   1.9105569e+00  -3.4906585e-01   1.0655894e-06  -1.5646956e+00   2.6031951e+00
  -1.0349368e+00   1.9098322e+00  -3.4906585e-01   1.0462659e-06  -1.5639848e+00   2.6057334e+00
  -1.0374763e+00   1.9091082e+00  -3.4906585e-01   1.0265614e-06  -1.5632737e+00   2.6082729e+00
  -1.0400162e+00   1.9083849e+00  -3.4906585e-01   1.0077611e-06  -1.5625622e+00   2.6108128e+00
  -1.0425571e+00   1.9076623e+00  -3.4906585e-01   9.8852530e-07  -1.5618502e+00   2.6133538e+00
  -1.0450987e+00   1.9069404e+00  -3.4906585e-01   9.7011640e-07  -1.5611380e+00   2.6158953e+00
  -1.0476407e+00   1.9062194e+00  -3.4906585e-01   9.5145815e-07  -1.5604255e+00   2.6184374e+00
  -1.0501836e+00   1.9054990e+00  -3.4906585e-01   9.3309515e-07  -1.5597127e+00   2.6209803e+00
  -1.0527269e+00   1.9047795e+00  -3.4906585e-01   9.1491076e-07  -1.5589996e+00   2.6235235e+00
  -1.0552709e+00   1.9040608e+00  -3.4906585e-01   8.9706371e-07  -1.5582863e+00   2.6260675e+00
  -1.0578152e+00   1.9033428e+00  -3.4906585e-01   8.7972303e-07  -1.5575727e+00   2.6286118e+00
  -1.0603603e+00   1.9026258e+00  -3.4906585e-01   8.6184107e-07  -1.5568588e+00   2.6311570e+00
  -1.0629058e+00   1.9019095e+00  -3.4906585e-01   8.4504054e-07  -1.5561447e+00   2.6337024e+00
  -1.0654516e+00   1.9011943e+00  -3.4906585e-01   8.2785100e-07  -1.5554306e+00   2.6362482e+00
  -1.0679979e+00   1.9004798e+00  -3.4906585e-01   8.1150328e-07  -1.5547162e+00   2.6387945e+00
  -1.0705444e+00   1.8997663e+00  -3.4906585e-01   7.9507594e-07  -1.5540016e+00   2.6413411e+00
  -1.0730914e+00   1.8990537e+00  -3.4906585e-01   7.7888274e-07  -1.5532870e+00   2.6438881e+00
  -1.0756385e+00   1.8983421e+00  -3.4906585e-01   7.6312623e-07  -1.5525722e+00   2.6464352e+00
  -1.0781861e+00   1.8976314e+00  -3.4906585e-01   7.4732766e-07  -1.5518572e+00   2.6489828e+00
  -1.0807340e+00   1.8969216e+00  -3.4906585e-01   7.3205022e-07  -1.5511422e+00   2.6515306e+00
  -1.0832818e+00   1.8962130e+00  -3.4906585e-01   7.1647560e-07  -1.5504272e+00   2.6540785e+00
  -1.0858300e+00   1.8955052e+00  -3.4906585e-01   7.0193446e-07  -1.5497120e+00   2.6566266e+00
  -1.0883781e+00   1.8947986e+00  -3.4906585e-01   6.8716343e-07  -1.5489969e+00   2.6591748e+00
  -1.0909265e+00   1.8940929e+00  -3.4906585e-01   6.7261196e-07  -1.5482817e+00   2.6617232e+00
  -1.0934749e+00   1.8933884e+00  -3.4906585e-01   6.5796712e-07  -1.5475666e+00   2.6642715e+00
  -1.0960234e+00   1.8926849e+00  -3.4906585e-01   6.4426299e-07  -1.5468513e+00   2.6668200e+00
  -1.0985720e+00   1.8919825e+00  -3.4906585e-01   6.3007487e-07  -1.5461362e+00   2.6693686e+00
  -1.1011202e+00   1.8912812e+00  -3.4906585e-01   6.1623253e-07  -1.5454211e+00   2.6719168e+00
  -1.1036687e+00   1.8905810e+00  -3.4906585e-01   6.0258359e-07  -1.5447061e+00   2.6744654e+00
  -1.1062167e+00   1.8898820e+00  -3.4906585e-01   5.8917156e-07  -1.5439911e+00   2.6770134e+00
  -1.1087650e+00   1.8891841e+00  -3.4906585e-01   5.7557271e-07  -1.5432763e+00   2.6795617e+00
  -1.1113128e+00   1.8884874e+00  -3.4906585e-01   5.6246750e-07  -1.5425615e+00   2.6821095e+00
  -1.1138607e+00   1.8877919e+00  -3.4906585e-01   5.4909936e-07  -1.5418469e+00   2.6846574e+00
  -1.1164083e+00   1.8870977e+00  -3.4906585e-01   5.3580742e-07  -1.5411325e+00   2.6872049e+00
  -1.1189554e+00   1.8864045e+00  -3.4906585e-01   5.2294523e-07  -1.5404182e+00   2.6897521e+00
  -1.1215025e+00   1.8857126e+00  -3.4906585e-01   5.0976775e-07  -1.5397040e+00   2.6922991e+00
  -1.1240490e+00   1.8850221e+00  -3.4906585e-01   4.9661846e-07  -1.5389902e+00   2.6948457e+00
  -1.1265941e+00   1.8843242e+00  -3.4906585e-01  -2.5260944e-07  -1.5382664e+00   2.6973903e+00
  -1.1291399e+00   1.8836362e+00  -3.4906585e-01  -2.6384186e-07  -1.5375530e+00   2.6999361e+00
  -1.1316854e+00   1.8829494e+00  -3.4906585e-01  -2.7260488e-07  -1.5368398e+00   2.7024816e+00
  -1.1342304e+00   1.8822639e+00  -3.4906585e-01  -2.8139847e-07  -1.5361267e+00   2.7050266e+00
  -1.1367748e+00   1.8815798e+00  -3.4906585e-01  -2.9060561e-07  -1.5354141e+00   2.7075710e+00
  -1.1393189e+00   1.8808970e+00  -3.4906585e-01  -2.9994707e-07  -1.5347016e+00   2.7101151e+00
  -1.1418622e+00   1.8802155e+00  -3.4906585e-01  -3.0952606e-07  -1.5339895e+00   2.7126584e+00
  -1.1444050e+00   1.8795355e+00  -3.4906585e-01  -3.1908263e-07  -1.5332778e+00   2.7152013e+00
  -1.1469471e+00   1.8788567e+00  -3.4906585e-01  -3.2861718e-07  -1.5325663e+00   2.7177433e+00
  -1.1494887e+00   1.8781794e+00  -3.4906585e-01  -3.3785493e-07  -1.5318551e+00   2.7202850e+00
  -1.1520295e+00   1.8775036e+00  -3.4906585e-01  -3.4738194e-07  -1.5311445e+00   2.7228257e+00
  -1.1545696e+00   1.8768291e+00  -3.4906585e-01  -3.5625698e-07  -1.5304341e+00   2.7253659e+00
  -1.1571092e+00   1.8761560e+00  -3.4906585e-01  -3.6499083e-07  -1.5297241e+00   2.7279054e+00
  -1.1596475e+00   1.8754845e+00  -3.4906585e-01  -3.7314128e-07  -1.5290146e+00   2.7304438e+00
  -1.1621854e+00   1.8748144e+00  -3.4906585e-01  -3.8097760e-07  -1.5283055e+00   2.7329817e+00
  -1.1647221e+00   1.8741458e+00  -3.4906585e-01  -3.8811105e-07  -1.5275969e+00   2.7355184e+00
  -1.1672643e+00   1.8734939e+00  -3.4906585e-01  -3.1976969e-06  -1.5268984e+00   2.7380623e+00
  -1.1697932e+00   1.8728130e+00  -3.4906585e-01  -3.6988305e-07  -1.5261808e+00   2.7405895e+00
  -1.1723333e+00   1.8721638e+00  -3.4906585e-01  -3.0567424e-06  -1.5254835e+00   2.7431313e+00
  -1.1748608e+00   1.8714864e+00  -3.4906585e-01  -3.8799995e-07  -1.5247668e+00   2.7456570e+00
  -1.1773984e+00   1.8708397e+00  -3.4906585e-01  -2.9105696e-06  -1.5240704e+00   2.7481964e+00
  -1.1799240e+00   1.8701659e+00  -3.4906585e-01  -4.0291946e-07  -1.5233549e+00   2.7507202e+00
  -1.1824592e+00   1.8695220e+00  -3.4906585e-01  -2.7542750e-06  -1.5226596e+00   2.7532572e+00
  -1.1849888e+00   1.8688665e+00  -3.4906585e-01  -3.0666008e-06  -1.5219550e+00   2.7557869e+00
  -1.1875164e+00   1.8682118e+00  -3.4906585e-01  -3.0325927e-06  -1.5212510e+00   2.7583145e+00
  -1.1900430e+00   1.8675584e+00  -3.4906585e-01  -2.9515257e-06  -1.5205475e+00   2.7608411e+00
  -1.1925683e+00   1.8669067e+00  -3.4906585e-01  -2.8595846e-06  -1.5198447e+00   2.7633664e+00
  -1.1950922e+00   1.8662567e+00  -3.4906585e-01  -2.7631389e-06  -1.5191425e+00   2.7658903e+00
  -1.1976151e+00   1.8656082e+00  -3.4906585e-01  -2.6688458e-06  -1.5184409e+00   2.7684132e+00
  -1.2001365e+00   1.8649615e+00  -3.4906585e-01  -2.5698108e-06  -1.5177400e+00   2.7709345e+00
  -1.2026567e+00   1.8643164e+00  -3.4906585e-01  -2.4734986e-06  -1.5170396e+00   2.7734547e+00
  -1.2051754e+00   1.8636729e+00  -3.4906585e-01  -2.3747325e-06  -1.5163399e+00   2.7759734e+00
  -1.2076929e+00   1.8630312e+00  -3.4906585e-01  -2.2736920e-06  -1.5156410e+00   2.7784909e+00
  -1.2102090e+00   1.8623912e+00  -3.4906585e-01  -2.1739961e-06  -1.5149427e+00   2.7810070e+00
  -1.2127234e+00   1.8617528e+00  -3.4906585e-01  -2.0782677e-06  -1.5142451e+00   2.7835214e+00
  -1.2152365e+00   1.8611162e+00  -3.4906585e-01  -1.9756454e-06  -1.5135482e+00   2.7860345e+00
  -1.2177482e+00   1.8604814e+00  -3.4906585e-01  -1.8764066e-06  -1.5128521e+00   2.7885461e+00
  -1.2202583e+00   1.8598483e+00  -3.4906585e-01  -1.7800743e-06  -1.5121567e+00   2.7910562e+00
  -1.2227666e+00   1.8592169e+00  -3.4906585e-01  -1.6828562e-06  -1.5114620e+00   2.7935645e+00
  -1.2252735e+00   1.8585874e+00  -3.4906585e-01  -1.5846452e-06  -1.5107682e+00   2.7960714e+00
  -1.2277786e+00   1.8579596e+00  -3.4906585e-01  -1.4911296e-06  -1.5100750e+00   2.7985765e+00
  -1.2302822e+00   1.8573336e+00  -3.4906585e-01  -1.3975408e-06  -1.5093827e+00   2.8010800e+00
  -1.2327840e+00   1.8567095e+00  -3.4906585e-01  -1.3034825e-06  -1.5086912e+00   2.8035818e+00
  -1.2352842e+00   1.8560871e+00  -3.4906585e-01  -1.2144019e-06  -1.5080005e+00   2.8060820e+00
  -1.2377827e+00   1.8554665e+00  -3.4906585e-01  -1.1258040e-06  -1.5073105e+00   2.8085804e+00
  -1.2402792e+00   1.8548478e+00  -3.4906585e-01  -1.0370815e-06  -1.5066215e+00   2.8110769e+00
  -1.2427741e+00   1.8542309e+00  -3.4906585e-01  -9.5385075e-07  -1.5059333e+00   2.8135718e+00
  -1.2452670e+00   1.8536160e+00  -3.4906585e-01  -8.6964319e-07  -1.5052460e+00   2.8160647e+00
  -1.2477582e+00   1.8530028e+00  -3.4906585e-01  -7.9071838e-07  -1.5045595e+00   2.8185558e+00
  -1.2502473e+00   1.8523915e+00  -3.4906585e-01  -7.1276345e-07  -1.5038738e+00   2.8210449e+00
  -1.2527347e+00   1.8517821e+00  -3.4906585e-01  -6.3556359e-07  -1.5031892e+00   2.8235323e+00
  -1.2552201e+00   1.8511746e+00  -3.4906585e-01  -5.6220926e-07  -1.5025053e+00   2.8260177e+00
  -1.2577034e+00   1.8505689e+00  -3.4906585e-01  -4.9303224e-07  -1.5018223e+00   2.8285010e+00
  -1.2601849e+00   1.8499651e+00  -3.4906585e-01  -4.2508132e-07  -1.5011403e+00   2.8309824e+00
  -1.2626643e+00   1.8493643e+00  -3.4906585e-01  -5.0563718e-07  -1.5004600e+00   2.8334618e+00
  -1.2651453e+00   1.8487683e+00  -3.4906585e-01  -7.8796215e-06  -1.4997865e+00   2.8359452e+00
  -1.2676143e+00   1.8480814e+00  -3.4892010e-01   5.9916219e-07  -1.4991682e+00   2.8384106e+00
  -1.2700863e+00   1.8459091e+00  -3.4610973e-01   2.2664429e-06  -1.4998017e+00   2.8408816e+00
  -1.2725607e+00   1.8436430e+00  -3.4313162e-01  -2.2917936e-07  -1.5005128e+00   2.8433589e+00
  -1.2750294e+00   1.8413647e+00  -3.4012284e-01  -1.8563813e-07  -1.5012432e+00   2.8458274e+00
  -1.2774959e+00   1.8390628e+00  -3.3706824e-01  -1.4999422e-07  -1.5019959e+00   2.8482938e+00
  -1.2799601e+00   1.8367372e+00  -3.3396710e-01  -1.3388729e-07  -1.5027713e+00   2.8507579e+00
  -1.2824222e+00   1.8343874e+00  -3.3081921e-01  -1.0495900e-07  -1.5035694e+00   2.8532198e+00
  -1.2848818e+00   1.8320133e+00  -3.2762372e-01  -7.8015889e-08  -1.5043907e+00   2.8556794e+00
  -1.2873393e+00   1.8296147e+00  -3.2438065e-01  -5.4951487e-08  -1.5052352e+00   2.8581368e+00
  -1.2897945e+00   1.8271915e+00  -3.2108939e-01  -3.4261567e-08  -1.5061032e+00   2.8605919e+00
  -1.2922471e+00   1.8247428e+00  -3.1774879e-01  -1.7294889e-08  -1.5069951e+00   2.8630444e+00
  -1.2946976e+00   1.8222689e+00  -3.1435904e-01  -2.9106555e-09  -1.5079109e+00   2.8654948e+00
  -1.2971454e+00   1.8197694e+00  -3.1091919e-01   9.5078154e-09  -1.5088512e+00   2.8679426e+00
  -1.2995910e+00   1.8172437e+00  -3.0742885e-01   1.8890065e-08  -1.5098158e+00   2.8703881e+00
  -1.3020340e+00   1.8146919e+00  -3.0388725e-01   2.6833567e-08  -1.5108055e+00   2.8728310e+00
  -1.3044747e+00   1.8121133e+00  -3.0029394e-01   3.2529229e-08  -1.5118202e+00   2.8752716e+00
  -1.3069128e+00   1.8095071e+00  -2.9664707e-01   3.6952718e-08  -1.5128609e+00   2.8777097e+00
  -1.3093568e+00   1.8068664e+00  -2.9293521e-01   3.5555476e-06  -1.5139369e+00   2.8801627e+00
  -1.3117874e+00   1.8042051e+00  -2.8918154e-01   3.8575930e-06  -1.5150285e+00   2.8825908e+00
  -1.3142177e+00   1.8015166e+00  -2.8537480e-01   3.9838089e-06  -1.5161469e+00   2.8850211e+00
  -1.3166452e+00   1.7987985e+00  -2.8151087e-01   4.1393888e-06  -1.5172926e+00   2.8874482e+00
  -1.3190700e+00   1.7960520e+00  -2.7759182e-01   4.2858316e-06  -1.5184651e+00   2.8898728e+00
  -1.3214923e+00   1.7932762e+00  -2.7361623e-01   4.4383062e-06  -1.5196649e+00   2.8922948e+00
  -1.3239119e+00   1.7904709e+00  -2.6958314e-01   4.5961487e-06  -1.5208926e+00   2.8947141e+00
  -1.3263287e+00   1.7876350e+00  -2.6549120e-01   4.7586628e-06  -1.5221486e+00   2.8971307e+00
  -1.3287429e+00   1.7847686e+00  -2.6134018e-01   4.9292681e-06  -1.5234332e+00   2.8995447e+00
  -1.3311542e+00   1.7818710e+00  -2.5712868e-01   5.1108954e-06  -1.5247471e+00   2.9019558e+00
  -1.3335629e+00   1.7789416e+00  -2.5285611e-01   5.3010231e-06  -1.5260903e+00   2.9043644e+00
  -1.3359686e+00   1.7759800e+00  -2.4852114e-01   5.5072281e-06  -1.5274637e+00   2.9067700e+00
  -1.3383718e+00   1.7729855e+00  -2.4412299e-01   5.7249032e-06  -1.5288674e+00   2.9091730e+00
